N_unmapped	361	361	361
N_multimapping	46085	46085	46085
N_noFeature	141643	1308992	146517
N_ambiguous	86045	283	41899
ENSG00000250020.1	1	0	1
ENSG00000153404.14	27	0	27
ENSG00000199540.1	0	0	0
ENSG00000185028.4	0	0	0
ENSG00000261434.1	0	0	0
ENSG00000164366.4	486	0	486
ENSG00000260774.1	21	0	21
ENSG00000073578.17	304	0	304
ENSG00000286001.1	14	0	14
ENSG00000248925.1	1	1	0
ENSG00000249915.8	338	0	338
ENSG00000288622.1	1	0	1
ENSG00000250848.1	25	22	3
ENSG00000063438.19	60	2	58
ENSG00000214278.4	2	2	0
ENSG00000250645.1	10	0	10
ENSG00000221990.4	73	5	69
ENSG00000180104.16	2172	179	2284
ENSG00000188242.4	5	5	0
ENSG00000066230.12	16	31	10
ENSG00000225138.8	100	0	125
ENSG00000250385.2	0	0	0
ENSG00000264233.1	0	0	0
ENSG00000249650.1	0	0	0
ENSG00000112877.8	271	1	279
ENSG00000171368.12	52	49	12
ENSG00000271781.1	17	1	16
ENSG00000206077.13	2	0	2
ENSG00000249908.2	0	0	0
ENSG00000285522.1	0	0	0
ENSG00000188818.12	24	1	24
ENSG00000247872.2	0	0	0
ENSG00000028310.18	2244	8	2236
ENSG00000071539.14	2772	1	2773
ENSG00000287600.1	16	14	3
ENSG00000248949.1	0	0	0
ENSG00000250173.1	0	0	0
ENSG00000215246.5	0	0	0
ENSG00000272347.1	0	0	0
ENSG00000145506.14	0	0	0
ENSG00000113504.21	455	0	455
ENSG00000263834.1	0	0	0
ENSG00000249201.2	0	0	0
ENSG00000174358.16	0	0	0
ENSG00000164363.10	0	0	0
ENSG00000287486.1	2	10	0
ENSG00000164362.21	94	0	102
ENSG00000263670.1	0	0	0
ENSG00000049656.14	4454	2	4452
ENSG00000286388.1	72	0	72
ENSG00000250584.3	0	0	0
ENSG00000248951.2	0	0	0
ENSG00000279908.1	0	0	0
ENSG00000142319.18	0	0	0
ENSG00000153395.10	1415	1	1414
ENSG00000273742.1	0	0	0
ENSG00000251532.1	0	0	0
ENSG00000185986.12	20	0	20
ENSG00000271119.1	4	4	0
ENSG00000248126.1	0	0	0
ENSG00000188002.10	38	0	38
ENSG00000232615.4	20	0	20
ENSG00000288549.1	0	0	0
ENSG00000263746.1	0	0	0
ENSG00000260066.1	0	0	0
ENSG00000171421.13	716	0	716
ENSG00000145494.12	1087	1	1086
ENSG00000249966.1	0	0	0
ENSG00000250417.1	0	0	0
ENSG00000279222.1	0	0	0
ENSG00000113430.10	0	0	0
ENSG00000249116.1	0	0	0
ENSG00000249326.1	0	0	0
ENSG00000288108.1	0	0	0
ENSG00000248994.2	1	1	0
ENSG00000248597.2	0	0	0
ENSG00000249731.1	0	0	0
ENSG00000201026.1	0	0	0
ENSG00000275733.1	0	0	0
ENSG00000281560.1	0	0	0
ENSG00000259757.1	0	0	0
ENSG00000170561.13	0	0	0
ENSG00000186493.13	0	0	0
ENSG00000249541.1	0	0	0
ENSG00000248137.1	0	0	0
ENSG00000248736.3	0	0	0
ENSG00000249808.3	0	0	0
ENSG00000248118.2	0	0	0
ENSG00000249830.1	0	0	0
ENSG00000250716.1	0	0	0
ENSG00000170549.4	0	0	0
ENSG00000259603.1	0	0	0
ENSG00000248962.1	0	0	0
ENSG00000249994.1	0	0	0
ENSG00000250921.2	0	0	0
ENSG00000260763.1	5	0	5
ENSG00000248973.3	0	0	0
ENSG00000231291.3	0	0	0
ENSG00000251371.1	0	0	0
ENSG00000249521.1	0	0	0
ENSG00000248311.1	0	0	0
ENSG00000249941.1	0	0	0
ENSG00000251506.1	0	0	0
ENSG00000250481.2	0	0	0
ENSG00000215231.8	0	0	0
ENSG00000251426.1	0	0	0
ENSG00000250529.1	0	0	0
ENSG00000223007.1	0	0	0
ENSG00000250579.2	0	0	0
ENSG00000145536.15	281	0	281
ENSG00000250866.1	0	0	0
ENSG00000251568.1	0	0	0
ENSG00000286753.1	6	0	6
ENSG00000248729.1	0	0	0
ENSG00000250808.1	0	0	0
ENSG00000251476.2	0	0	0
ENSG00000164151.12	4552	0	4552
ENSG00000286986.1	0	0	0
ENSG00000261037.1	0	0	0
ENSG00000259861.1	0	0	0
ENSG00000278913.1	0	0	0
ENSG00000250730.2	0	0	0
ENSG00000250490.1	1	0	1
ENSG00000133398.4	1005	1	1004
ENSG00000287031.1	0	0	0
ENSG00000215218.4	0	0	0
ENSG00000271230.1	0	0	0
ENSG00000250056.8	5	354	0
ENSG00000037474.15	6043	1	6391
ENSG00000145545.12	772	1	771
ENSG00000248677.2	0	0	0
ENSG00000112941.14	1590	0	1590
ENSG00000251365.4	45	0	45
ENSG00000272071.1	5	0	5
ENSG00000283420.1	0	0	0
ENSG00000250974.4	0	0	0
ENSG00000200243.1	0	0	0
ENSG00000250060.2	0	0	0
ENSG00000212258.1	0	0	0
ENSG00000287790.1	0	0	0
ENSG00000286254.1	0	0	0
ENSG00000237611.2	0	0	0
ENSG00000285689.1	0	0	0
ENSG00000248775.1	0	0	0
ENSG00000251250.3	0	0	0
ENSG00000205976.4	1	0	1
ENSG00000251678.1	0	0	0
ENSG00000250668.2	0	0	0
ENSG00000249638.1	0	0	0
ENSG00000249865.1	0	0	0
ENSG00000223597.3	0	0	0
ENSG00000078295.17	0	0	0
ENSG00000250761.2	0	0	0
ENSG00000215217.7	0	0	0
ENSG00000124275.15	1850	80	1848
ENSG00000124279.12	613	0	691
ENSG00000251168.1	0	0	0
ENSG00000199773.1	0	0	0
ENSG00000287947.1	0	0	0
ENSG00000280338.1	0	0	0
ENSG00000280251.1	0	0	0
ENSG00000249486.1	0	0	0
ENSG00000288002.1	8	0	8
ENSG00000245729.2	0	0	0
ENSG00000249159.6	0	0	0
ENSG00000251549.2	0	0	0
ENSG00000272049.1	0	0	0
ENSG00000247516.8	146	1	145
ENSG00000250037.1	0	0	0
ENSG00000279075.1	7	0	7
ENSG00000284000.1	0	0	0
ENSG00000249782.2	0	0	0
ENSG00000279097.1	0	0	0
ENSG00000279264.1	0	0	0
ENSG00000250389.1	0	0	0
ENSG00000248765.1	0	0	0
ENSG00000279002.1	0	0	0
ENSG00000280373.1	0	0	0
ENSG00000279125.1	0	0	0
ENSG00000280438.1	0	0	0
ENSG00000278877.1	0	0	0
ENSG00000260981.1	0	0	0
ENSG00000280185.1	0	0	0
ENSG00000250198.3	2	1	1
ENSG00000279635.1	0	0	0
ENSG00000250619.1	0	1	0
ENSG00000112902.12	15	0	16
ENSG00000266415.1	0	0	0
ENSG00000248537.1	0	0	0
ENSG00000279698.1	0	0	0
ENSG00000251370.1	0	0	0
ENSG00000250001.1	0	0	0
ENSG00000250786.2	0	0	0
ENSG00000239112.1	0	0	0
ENSG00000248525.2	0	0	0
ENSG00000169777.6	0	0	0
ENSG00000249781.7	0	0	0
ENSG00000222054.1	0	0	0
ENSG00000286556.1	0	0	0
ENSG00000250814.3	0	0	0
ENSG00000279011.1	0	0	0
ENSG00000279755.1	0	0	0
ENSG00000278874.1	1	1	0
ENSG00000280016.1	0	0	0
ENSG00000249807.1	1	1	0
ENSG00000280449.1	0	0	0
ENSG00000280368.1	0	0	0
ENSG00000260515.1	0	0	0
ENSG00000271998.1	0	0	0
ENSG00000272417.1	7	0	7
ENSG00000150756.14	355	0	355
ENSG00000248968.1	1	1	0
ENSG00000150753.12	18384	4	22408
ENSG00000271980.1	3	4031	0
ENSG00000271715.1	0	0	0
ENSG00000164237.9	0	0	0
ENSG00000252341.1	0	0	0
ENSG00000252671.1	0	0	0
ENSG00000280369.1	0	0	0
ENSG00000259802.1	34	0	34
ENSG00000145495.16	6559	0	6559
ENSG00000250600.1	0	0	0
ENSG00000145491.12	3	0	3
ENSG00000277073.1	0	0	0
ENSG00000246016.2	0	0	0
ENSG00000244361.1	0	0	0
ENSG00000249166.1	0	0	0
ENSG00000249396.2	0	0	0
ENSG00000249160.4	0	0	0
ENSG00000280017.1	0	0	0
ENSG00000279450.1	0	0	0
ENSG00000164236.12	473	0	510
ENSG00000250106.1	2	2	0
ENSG00000251196.1	0	37	0
ENSG00000251548.1	3	0	3
ENSG00000279979.1	0	0	0
ENSG00000278865.1	0	0	0
ENSG00000112977.16	7072	0	7093
ENSG00000272324.5	0	21	0
ENSG00000250576.1	0	0	0
ENSG00000169862.19	82	0	82
ENSG00000207312.1	0	0	0
ENSG00000212305.1	0	0	0
ENSG00000248783.1	5	0	5
ENSG00000248131.6	24	0	24
ENSG00000251112.2	3	3	0
ENSG00000249053.1	0	0	0
ENSG00000248457.1	0	0	0
ENSG00000248145.2	0	0	0
ENSG00000242608.1	0	0	0
ENSG00000248462.1	0	0	0
ENSG00000243744.2	0	0	0
ENSG00000039139.9	106	0	106
ENSG00000251423.3	0	0	0
ENSG00000038382.20	12400	2	12627
ENSG00000287581.1	0	229	0
ENSG00000145569.6	264	0	264
ENSG00000248791.1	2	0	2
ENSG00000250526.1	20	0	20
ENSG00000250182.3	11599	5	11594
ENSG00000261360.1	11	0	11
ENSG00000154124.5	1481	3	1478
ENSG00000154122.14	2520	239	2281
ENSG00000286970.1	7	1	6
ENSG00000249485.1	11	0	11
ENSG00000264792.1	0	0	0
ENSG00000272057.1	0	0	0
ENSG00000249928.2	1	1	0
ENSG00000250662.1	1	1	0
ENSG00000250247.1	0	0	0
ENSG00000286441.1	0	0	0
ENSG00000202269.1	0	0	0
ENSG00000249332.2	0	0	0
ENSG00000248834.2	0	0	0
ENSG00000286377.1	0	0	0
ENSG00000248699.1	0	0	0
ENSG00000183580.10	428	0	428
ENSG00000250250.2	0	0	0
ENSG00000216077.3	0	0	0
ENSG00000222312.1	0	0	0
ENSG00000183654.9	5	0	5
ENSG00000250981.1	0	0	0
ENSG00000250448.1	0	0	0
ENSG00000248403.1	0	0	0
ENSG00000248150.1	1	0	1
ENSG00000249737.1	0	0	0
ENSG00000173545.5	1188	0	1188
ENSG00000154153.13	156	6	151
ENSG00000246214.2	0	15	0
ENSG00000250415.1	0	0	0
ENSG00000201370.1	0	0	0
ENSG00000145555.15	426	1	439
ENSG00000253093.1	0	0	0
ENSG00000243538.1	45	0	45
ENSG00000201436.1	0	0	0
ENSG00000176788.9	1753	61	1692
ENSG00000215196.5	3	0	3
ENSG00000271892.1	0	0	0
ENSG00000206814.1	0	0	0
ENSG00000251990.1	0	0	0
ENSG00000250816.1	0	0	0
ENSG00000252908.1	0	0	0
ENSG00000185296.8	0	0	0
ENSG00000201715.1	0	0	0
ENSG00000223361.5	1419	0	1637
ENSG00000248223.1	0	218	0
ENSG00000249199.2	1	0	1
ENSG00000250822.1	0	0	0
ENSG00000248455.6	0	0	0
ENSG00000249662.6	0	0	0
ENSG00000268799.4	0	0	0
ENSG00000250667.1	0	0	0
ENSG00000284373.1	0	0	0
ENSG00000248205.1	0	0	0
ENSG00000249620.1	0	0	0
ENSG00000284439.1	0	0	0
ENSG00000284283.1	0	0	0
ENSG00000284234.1	0	0	0
ENSG00000284042.1	0	0	0
ENSG00000284465.1	0	0	0
ENSG00000250088.1	0	0	0
ENSG00000283967.1	0	0	0
ENSG00000283988.1	0	0	0
ENSG00000284356.1	0	0	0
ENSG00000248422.1	0	0	0
ENSG00000249282.1	0	0	0
ENSG00000283740.1	0	0	0
ENSG00000249156.2	0	0	0
ENSG00000271296.1	0	0	0
ENSG00000250351.1	0	0	0
ENSG00000250386.1	0	0	0
ENSG00000283776.1	0	0	0
ENSG00000250782.1	0	0	0
ENSG00000248471.2	0	0	0
ENSG00000248160.1	0	0	0
ENSG00000248542.2	0	0	0
ENSG00000248337.1	0	0	0
ENSG00000269466.4	0	0	0
ENSG00000274832.1	0	0	0
ENSG00000250715.1	0	0	0
ENSG00000249937.8	1	0	1
ENSG00000240785.2	1	0	1
ENSG00000212278.1	0	0	0
ENSG00000241552.3	0	0	0
ENSG00000248693.1	0	0	0
ENSG00000249191.1	0	0	0
ENSG00000249927.1	0	0	0
ENSG00000249285.1	0	0	0
ENSG00000276764.1	0	0	0
ENSG00000249174.1	0	0	0
ENSG00000251487.1	0	0	0
ENSG00000242654.1	0	0	0
ENSG00000249557.2	0	0	0
ENSG00000145526.12	8	0	8
ENSG00000248766.2	0	0	0
ENSG00000214132.4	12	0	12
ENSG00000249854.3	0	0	0
ENSG00000249490.2	0	0	0
ENSG00000251629.7	3	0	3
ENSG00000248308.1	0	0	0
ENSG00000286751.1	0	0	0
ENSG00000248286.1	0	0	0
ENSG00000249359.3	0	0	0
ENSG00000183666.17	266	0	266
ENSG00000233974.3	1	1	0
ENSG00000279107.1	0	0	0
ENSG00000272130.1	0	0	0
ENSG00000253766.1	0	0	0
ENSG00000154162.15	0	0	0
ENSG00000213430.6	532	0	532
ENSG00000253104.1	0	0	0
ENSG00000168967.14	0	0	0
ENSG00000287471.1	0	0	0
ENSG00000249206.2	0	0	0
ENSG00000286961.1	0	0	0
ENSG00000249404.1	0	0	0
ENSG00000250319.1	0	0	0
ENSG00000206912.1	0	0	0
ENSG00000250332.1	42	0	42
ENSG00000249289.1	0	0	0
ENSG00000164256.11	2	0	2
ENSG00000248591.1	0	0	0
ENSG00000249607.1	0	0	0
ENSG00000248874.5	0	0	0
ENSG00000252083.1	0	0	0
ENSG00000234865.3	0	0	0
ENSG00000200600.1	0	0	0
ENSG00000286134.2	0	0	0
ENSG00000226432.3	6	0	6
ENSG00000250694.1	0	0	0
ENSG00000277455.1	0	0	0
ENSG00000287199.1	0	0	0
ENSG00000040731.10	20	0	20
ENSG00000251294.1	0	0	0
ENSG00000249562.1	0	0	0
ENSG00000286454.1	0	0	0
ENSG00000250099.1	0	0	0
ENSG00000286238.1	0	0	0
ENSG00000248156.2	0	0	0
ENSG00000223004.1	0	0	0
ENSG00000248908.1	0	0	0
ENSG00000250524.1	0	0	0
ENSG00000199911.1	0	0	0
ENSG00000251273.4	0	1	64
ENSG00000245662.4	618	974	1
ENSG00000285042.1	0	0	292
ENSG00000251654.2	0	0	0
ENSG00000260761.1	0	0	0
ENSG00000279671.1	0	0	0
ENSG00000248605.5	0	0	0
ENSG00000279531.1	0	0	0
ENSG00000201016.1	0	0	0
ENSG00000279869.1	0	0	0
ENSG00000251593.1	186	0	186
ENSG00000286625.1	13	0	13
ENSG00000222560.1	0	0	0
ENSG00000249099.1	0	0	0
ENSG00000286204.1	0	0	0
ENSG00000230571.2	0	0	0
ENSG00000248426.1	0	0	0
ENSG00000250703.1	0	0	0
ENSG00000251033.1	0	0	0
ENSG00000249616.1	0	0	0
ENSG00000113100.10	0	0	0
ENSG00000207261.1	0	0	0
ENSG00000250337.7	7	0	7
ENSG00000248490.2	0	0	0
ENSG00000250079.1	0	0	0
ENSG00000249785.3	0	0	0
ENSG00000250453.2	0	0	0
ENSG00000286432.1	0	0	0
ENSG00000252867.1	0	0	0
ENSG00000270495.1	0	0	0
ENSG00000259786.7	1	0	1
ENSG00000271035.1	0	0	0
ENSG00000162685.6	0	0	0
ENSG00000226400.2	1	0	1
ENSG00000277878.1	0	0	0
ENSG00000249226.1	0	0	0
ENSG00000252601.1	0	0	0
ENSG00000248687.2	0	0	0
ENSG00000270430.1	0	0	0
ENSG00000286182.1	0	0	0
ENSG00000248391.6	0	0	0
ENSG00000276098.1	0	0	0
ENSG00000248418.2	0	0	0
ENSG00000250984.1	0	0	0
ENSG00000249744.1	0	0	0
ENSG00000233787.3	0	0	0
ENSG00000223136.1	0	0	0
ENSG00000280305.1	0	0	0
ENSG00000250587.2	0	0	0
ENSG00000250118.1	1	0	1
ENSG00000287176.1	0	0	0
ENSG00000287940.1	0	0	0
ENSG00000241668.2	0	0	0
ENSG00000253940.1	0	0	0
ENSG00000254138.1	0	1	0
ENSG00000113361.13	54	0	55
ENSG00000250482.3	0	0	0
ENSG00000113360.16	3761	0	3761
ENSG00000206682.1	1	1	0
ENSG00000082213.18	1761	0	1761
ENSG00000279923.1	7	0	7
ENSG00000199765.1	0	0	0
ENSG00000133401.16	73	23	50
ENSG00000248624.1	0	0	0
ENSG00000248878.1	0	0	0
ENSG00000249114.1	0	0	0
ENSG00000248813.1	0	0	0
ENSG00000248378.1	0	0	0
ENSG00000250164.1	0	0	0
ENSG00000249688.1	0	0	0
ENSG00000252373.1	0	0	0
ENSG00000224282.3	1	0	1
ENSG00000251887.2	0	0	0
ENSG00000241739.1	0	0	0
ENSG00000243914.1	0	0	0
ENSG00000214108.4	0	0	0
ENSG00000249774.1	0	0	0
ENSG00000266243.1	0	0	0
ENSG00000250764.1	4	0	4
ENSG00000113384.14	1973	3	1970
ENSG00000200065.1	1	1	0
ENSG00000272086.1	7	0	7
ENSG00000230829.3	2	0	2
ENSG00000150712.11	1370	0	1370
ENSG00000199731.1	1	0	1
ENSG00000207052.1	0	0	0
ENSG00000056097.16	5516	0	5516
ENSG00000207956.1	1	0	1
ENSG00000249142.1	10	0	10
ENSG00000113387.12	3352	0	3352
ENSG00000250885.1	0	0	0
ENSG00000286741.1	2	0	2
ENSG00000113389.16	4	0	4
ENSG00000251062.1	5	0	5
ENSG00000250697.2	3	0	3
ENSG00000248279.5	3	3	0
ENSG00000249102.3	2	2	0
ENSG00000251281.1	0	0	0
ENSG00000250672.1	0	0	0
ENSG00000240376.1	40	0	40
ENSG00000251443.2	0	0	0
ENSG00000288579.1	1	0	1
ENSG00000249572.1	8	0	8
ENSG00000113407.14	12226	5	12221
ENSG00000249360.1	0	0	0
ENSG00000250583.1	1	0	1
ENSG00000151388.11	1131	1	1130
ENSG00000201623.1	0	0	0
ENSG00000182631.7	0	0	0
ENSG00000164175.15	3	0	3
ENSG00000250914.1	0	0	0
ENSG00000242110.8	18	0	18
ENSG00000273294.1	1	0	1
ENSG00000250767.1	0	0	0
ENSG00000082196.21	39	0	39
ENSG00000278900.1	0	0	0
ENSG00000279995.1	0	0	0
ENSG00000271771.1	0	0	0
ENSG00000215158.9	87	0	87
ENSG00000215156.5	7	7	0
ENSG00000286543.1	0	0	0
ENSG00000249380.1	0	0	0
ENSG00000271874.1	1	0	1
ENSG00000039560.14	4564	0	4579
ENSG00000250234.1	0	15	0
ENSG00000272323.1	1	1	2
ENSG00000205838.14	3	1	4
ENSG00000250140.1	0	0	0
ENSG00000241829.1	0	0	0
ENSG00000113456.19	1824	313	1801
ENSG00000113460.13	2668	3	2955
ENSG00000168724.17	1963	0	1963
ENSG00000113492.14	0	0	0
ENSG00000113494.17	0	0	0
ENSG00000250886.1	0	0	0
ENSG00000201368.2	0	0	0
ENSG00000152582.14	93	0	93
ENSG00000238441.1	0	0	0
ENSG00000248969.1	0	0	0
ENSG00000168685.15	64	0	64
ENSG00000279737.1	0	0	0
ENSG00000248349.1	0	0	0
ENSG00000152611.12	0	0	0
ENSG00000249748.1	0	0	0
ENSG00000145626.12	0	0	0
ENSG00000168671.10	0	0	0
ENSG00000251591.2	0	0	0
ENSG00000164187.7	896	0	896
ENSG00000207756.1	1	0	1
ENSG00000145604.17	3961	101	3974
ENSG00000201223.1	0	0	0
ENSG00000152620.13	522	24	612
ENSG00000245711.2	7	7	0
ENSG00000164188.9	2	1	1
ENSG00000287634.1	0	0	0
ENSG00000222178.1	0	0	0
ENSG00000242292.2	0	0	0
ENSG00000079215.14	478	0	478
ENSG00000274441.1	2	2	0
ENSG00000250155.2	4	1	4
ENSG00000279400.1	4	0	5
ENSG00000272103.2	13	0	13
ENSG00000285967.1	489	4	485
ENSG00000164190.19	4672	3	4669
ENSG00000249850.1	1	0	1
ENSG00000244073.1	4	0	4
ENSG00000197603.15	603	3	604
ENSG00000271378.1	0	0	0
ENSG00000228212.1	4	1	3
ENSG00000242493.3	0	0	0
ENSG00000286193.2	5	1	8
ENSG00000270558.1	36	0	36
ENSG00000113569.16	6626	0	6626
ENSG00000251880.1	7	7	0
ENSG00000250455.1	0	0	0
ENSG00000082068.9	989	3	986
ENSG00000248216.1	2	2	0
ENSG00000222743.1	0	0	0
ENSG00000206743.1	0	0	0
ENSG00000248587.8	48	311	32
ENSG00000168621.15	1225	3	1517
ENSG00000248539.1	0	0	0
ENSG00000250032.1	0	0	0
ENSG00000251518.1	0	0	0
ENSG00000248533.1	0	0	0
ENSG00000248461.3	8	0	8
ENSG00000276332.1	0	0	0
ENSG00000164318.18	1	0	1
ENSG00000248730.1	0	0	0
ENSG00000249071.2	0	0	0
ENSG00000248572.6	0	0	0
ENSG00000249491.1	0	0	0
ENSG00000248234.1	0	0	0
ENSG00000251257.2	0	0	0
ENSG00000113594.10	384	0	384
ENSG00000244968.7	4	0	4
ENSG00000265304.1	0	0	0
ENSG00000251189.1	0	0	0
ENSG00000249740.3	5	0	5
ENSG00000248577.1	0	0	0
ENSG00000250629.1	0	0	0
ENSG00000145623.13	2225	80	2222
ENSG00000164327.13	1960	2	2035
ENSG00000249089.1	0	0	0
ENSG00000286809.1	0	0	0
ENSG00000082074.19	101	0	101
ENSG00000251215.1	0	0	0
ENSG00000113600.11	2	0	2
ENSG00000153071.15	1146	0	1146
ENSG00000271334.6	12	0	12
ENSG00000251515.1	0	0	0
ENSG00000250492.1	128	1	127
ENSG00000248651.1	0	0	0
ENSG00000250048.2	0	0	0
ENSG00000249668.1	0	0	0
ENSG00000250585.3	0	0	0
ENSG00000199361.1	0	0	0
ENSG00000287597.1	0	0	0
ENSG00000283286.1	0	0	0
ENSG00000285552.1	0	0	0
ENSG00000285616.1	0	0	0
ENSG00000113638.14	527	0	527
ENSG00000199552.1	0	0	0
ENSG00000171522.6	32	0	32
ENSG00000132356.11	3389	0	3389
ENSG00000212567.1	1	0	1
ENSG00000145592.14	17808	2	17806
ENSG00000212296.1	4	0	4
ENSG00000132357.14	99	0	99
ENSG00000112936.19	0	0	0
ENSG00000253098.1	0	0	0
ENSG00000248120.1	1	0	1
ENSG00000171495.17	0	0	0
ENSG00000039537.14	0	0	0
ENSG00000182836.10	3	0	3
ENSG00000251478.1	1	0	1
ENSG00000083720.13	1988	1	2018
ENSG00000286164.1	2	2	0
ENSG00000248668.3	4	32	3
ENSG00000240281.2	0	0	0
ENSG00000205765.9	1542	0	1542
ENSG00000151876.13	202	1	201
ENSG00000239694.1	0	0	0
ENSG00000199487.1	0	0	0
ENSG00000249266.1	0	0	0
ENSG00000260786.1	0	0	0
ENSG00000112964.14	231	0	231
ENSG00000248873.1	461	0	461
ENSG00000250860.1	0	0	0
ENSG00000270513.1	0	0	0
ENSG00000198865.10	13	0	15
ENSG00000250722.6	0	2	0
ENSG00000272234.1	0	0	0
ENSG00000286271.2	1	1	0
ENSG00000249092.1	1	0	1
ENSG00000251163.1	0	0	0
ENSG00000251656.1	0	0	0
ENSG00000249516.1	0	0	0
ENSG00000250711.1	0	0	0
ENSG00000287263.1	3	0	3
ENSG00000286656.1	3	1	2
ENSG00000271788.1	4	0	4
ENSG00000177738.4	197	21	182
ENSG00000251131.2	9	11	4
ENSG00000272382.1	1	1	0
ENSG00000177721.4	30	3	28
ENSG00000215068.8	116	7	110
ENSG00000272144.1	8	5	3
ENSG00000172262.11	1407	0	1407
ENSG00000278487.1	22	1	21
ENSG00000177453.7	27	0	27
ENSG00000249779.1	4	0	4
ENSG00000249888.1	0	0	0
ENSG00000247763.2	0	0	0
ENSG00000112972.15	2586	1	3234
ENSG00000261604.1	0	648	1
ENSG00000188850.9	0	0	0
ENSG00000151882.11	259	2	257
ENSG00000151881.15	394	0	394
ENSG00000249492.2	20	57	1
ENSG00000172244.9	206	3	241
ENSG00000249855.1	3197	1	3196
ENSG00000248554.1	4	3	1
ENSG00000248240.1	1	0	1
ENSG00000172239.14	2271	0	2271
ENSG00000248092.8	512	23	540
ENSG00000279557.1	9	0	9
ENSG00000249286.1	5	0	5
ENSG00000112992.18	2146	28	2169
ENSG00000224993.3	13	0	13
ENSG00000249276.1	0	0	0
ENSG00000212561.1	0	0	0
ENSG00000070193.5	0	0	0
ENSG00000248464.1	1	0	1
ENSG00000249203.2	0	0	0
ENSG00000250418.1	0	0	0
ENSG00000263556.2	0	0	0
ENSG00000251141.6	20	0	20
ENSG00000248779.1	0	0	0
ENSG00000112996.11	1656	0	1656
ENSG00000272335.1	249	1	248
ENSG00000248148.1	0	0	0
ENSG00000287540.1	0	0	0
ENSG00000164588.8	1	0	1
ENSG00000250422.1	0	0	0
ENSG00000250017.1	0	0	0
ENSG00000250122.1	0	0	0
ENSG00000170571.12	2481	0	2481
ENSG00000271455.1	0	0	0
ENSG00000213956.4	0	0	0
ENSG00000271752.1	0	0	0
ENSG00000151883.19	959	15	944
ENSG00000249405.1	0	0	0
ENSG00000270830.1	0	0	0
ENSG00000251601.1	0	0	0
ENSG00000250360.1	0	0	0
ENSG00000251573.2	0	0	0
ENSG00000248918.2	0	0	0
ENSG00000207060.1	0	0	0
ENSG00000278734.1	0	0	0
ENSG00000206606.1	0	0	0
ENSG00000240627.1	4	0	4
ENSG00000259663.2	7	0	7
ENSG00000016082.15	82	0	82
ENSG00000249338.1	0	0	0
ENSG00000248891.2	0	0	0
ENSG00000288035.1	0	0	0
ENSG00000251125.1	0	0	0
ENSG00000251873.1	0	0	0
ENSG00000249270.1	0	0	0
ENSG00000279470.1	0	0	0
ENSG00000248789.5	0	0	0
ENSG00000244621.1	0	0	0
ENSG00000250827.1	0	0	0
ENSG00000248898.3	1	7	0
ENSG00000152684.11	908	1	912
ENSG00000213949.10	285	0	298
ENSG00000288539.1	0	0	0
ENSG00000251237.1	1	0	1
ENSG00000241809.1	0	0	0
ENSG00000249899.6	0	13	0
ENSG00000164171.11	1746	9	1737
ENSG00000286048.1	1	0	1
ENSG00000272123.1	3	0	3
ENSG00000164172.20	1265	3	1263
ENSG00000247796.3	51	0	52
ENSG00000213940.4	0	0	0
ENSG00000285831.1	0	0	0
ENSG00000240052.1	0	0	0
ENSG00000134363.12	228	0	228
ENSG00000164258.12	984	0	984
ENSG00000250447.6	0	0	0
ENSG00000217791.4	0	0	0
ENSG00000272416.1	4	0	4
ENSG00000185305.11	439	0	439
ENSG00000287087.1	0	0	0
ENSG00000222960.1	0	0	0
ENSG00000207627.1	0	0	0
ENSG00000241230.3	0	0	0
ENSG00000265421.1	1	0	1
ENSG00000279638.1	0	0	0
ENSG00000249069.8	0	0	0
ENSG00000251597.1	2	0	2
ENSG00000169271.3	0	0	0
ENSG00000178996.14	914	0	914
ENSG00000280159.1	0	0	0
ENSG00000287367.1	1	1	0
ENSG00000232517.2	0	0	0
ENSG00000226810.3	0	0	0
ENSG00000249843.1	0	0	0
ENSG00000249016.1	0	0	0
ENSG00000164283.13	16	0	16
ENSG00000240535.8	0	0	0
ENSG00000113088.6	0	0	0
ENSG00000207229.1	0	0	0
ENSG00000251376.1	0	0	0
ENSG00000248029.2	0	0	0
ENSG00000249454.1	0	0	0
ENSG00000145649.8	0	0	0
ENSG00000164287.13	4	0	4
ENSG00000164294.14	1613	0	1613
ENSG00000198983.1	0	0	0
ENSG00000207728.1	0	0	0
ENSG00000251856.1	0	0	0
ENSG00000234602.9	116	0	116
ENSG00000152669.9	23	0	23
ENSG00000251307.1	0	63	0
ENSG00000067248.10	1918	2	1979
ENSG00000039123.16	4361	68	4650
ENSG00000271410.1	1	1	0
ENSG00000067113.17	114	302	169
ENSG00000279883.1	0	0	0
ENSG00000265135.1	0	0	0
ENSG00000250853.1	1	0	1
ENSG00000249410.1	0	0	0
ENSG00000177058.12	617	0	617
ENSG00000152670.19	0	0	0
ENSG00000251368.1	0	0	0
ENSG00000199322.1	0	0	0
ENSG00000248854.1	0	0	0
ENSG00000164509.15	862	0	862
ENSG00000134352.20	4767	4	5580
ENSG00000262211.1	0	816	1
ENSG00000264281.3	0	0	0
ENSG00000249236.2	0	1	0
ENSG00000227908.3	2	0	2
ENSG00000238326.1	0	0	0
ENSG00000164512.18	7	5	3
ENSG00000253032.1	0	0	0
ENSG00000243592.1	2	0	2
ENSG00000223003.1	0	0	0
ENSG00000251435.1	0	0	0
ENSG00000212265.1	0	0	0
ENSG00000248781.1	0	0	0
ENSG00000210678.1	0	0	0
ENSG00000249697.1	0	0	0
ENSG00000250787.1	0	0	0
ENSG00000248727.6	0	0	0
ENSG00000285997.1	0	0	0
ENSG00000226221.1	241	0	241
ENSG00000225940.7	0	0	0
ENSG00000234553.1	0	0	0
ENSG00000228650.2	0	0	0
ENSG00000095015.6	626	0	644
ENSG00000237705.1	0	18	0
ENSG00000225230.1	2	10	0
ENSG00000155542.12	208	6	210
ENSG00000155545.20	1038	36	1050
ENSG00000271828.1	20	42	4
ENSG00000235635.1	1	23	0
ENSG00000233943.1	0	0	0
ENSG00000248652.2	0	0	0
ENSG00000250480.3	0	0	0
ENSG00000207293.1	0	0	0
ENSG00000062194.16	1927	0	1927
ENSG00000248586.2	0	0	0
ENSG00000250961.2	1	0	1
ENSG00000250308.2	0	0	0
ENSG00000169067.4	0	0	0
ENSG00000249436.2	0	0	0
ENSG00000287709.1	2	0	2
ENSG00000249198.1	1	1	0
ENSG00000249584.1	2	2	0
ENSG00000248132.3	7	14	0
ENSG00000286853.1	40	0	47
ENSG00000248271.1	0	0	0
ENSG00000145632.15	5478	0	5478
ENSG00000175857.8	0	0	0
ENSG00000271257.1	0	0	0
ENSG00000265699.1	0	0	0
ENSG00000250127.1	0	0	0
ENSG00000152932.8	1	0	1
ENSG00000248475.5	0	0	0
ENSG00000240412.1	0	0	0
ENSG00000248733.1	0	0	0
ENSG00000113448.19	954	0	954
ENSG00000247345.2	0	0	0
ENSG00000276214.1	0	0	0
ENSG00000251306.1	0	0	0
ENSG00000202601.4	0	0	0
ENSG00000248935.1	0	0	0
ENSG00000202017.1	0	0	0
ENSG00000213896.4	0	0	0
ENSG00000214244.4	246	0	246
ENSG00000273701.1	0	0	0
ENSG00000152931.9	2	2	0
ENSG00000275634.1	0	0	0
ENSG00000276233.1	0	0	0
ENSG00000035499.13	1322	0	1331
ENSG00000251303.1	0	0	0
ENSG00000287434.1	1	9	1
ENSG00000250148.1	1	0	1
ENSG00000164181.14	398	0	398
ENSG00000049167.15	538	0	561
ENSG00000215032.2	2	0	2
ENSG00000233847.1	1	24	0
ENSG00000164182.12	520	152	368
ENSG00000279985.1	2	1	1
ENSG00000276945.1	5	0	5
ENSG00000188725.8	2596	2	2753
ENSG00000251279.1	3	162	0
ENSG00000249279.6	11	0	11
ENSG00000130449.6	1302	0	1302
ENSG00000251682.1	1	0	1
ENSG00000250461.1	2	0	2
ENSG00000213891.3	3	0	3
ENSG00000178722.13	0	0	0
ENSG00000248529.5	0	0	0
ENSG00000212215.1	0	0	0
ENSG00000251575.3	0	0	0
ENSG00000249878.1	0	0	0
ENSG00000248199.2	0	0	0
ENSG00000251983.1	0	0	0
ENSG00000068796.19	2729	592	3605
ENSG00000288643.1	0	0	0
ENSG00000086189.10	509	905	1072
ENSG00000086200.17	1459	0	1459
ENSG00000199279.1	0	0	0
ENSG00000268942.2	206	0	206
ENSG00000241991.1	1	1	0
ENSG00000240436.1	0	0	0
ENSG00000186105.8	0	0	0
ENSG00000217416.4	70	0	70
ENSG00000249579.2	0	0	0
ENSG00000248185.1	4	0	4
ENSG00000287179.1	0	0	0
ENSG00000178394.5	0	0	0
ENSG00000248285.1	0	0	0
ENSG00000164197.12	125	0	125
ENSG00000236068.2	0	0	0
ENSG00000186479.5	10	0	10
ENSG00000242547.3	0	0	0
ENSG00000201869.1	0	0	0
ENSG00000224296.3	0	0	0
ENSG00000145642.12	3	8	1
ENSG00000153006.16	1458	1	1463
ENSG00000153015.16	1172	1	1171
ENSG00000272370.1	12	0	12
ENSG00000272354.1	7	0	7
ENSG00000207439.1	0	0	0
ENSG00000049192.15	2367	3	2364
ENSG00000248288.1	7	7	0
ENSG00000250732.1	0	0	0
ENSG00000205644.5	4	4	0
ENSG00000250081.1	16	0	16
ENSG00000123219.13	1028	0	1028
ENSG00000113593.12	1271	17	1254
ENSG00000113595.15	481	7	475
ENSG00000207352.1	0	0	0
ENSG00000113597.18	574	15	572
ENSG00000253251.3	113	0	114
ENSG00000197860.10	393	11	396
ENSG00000123213.23	1343	0	1344
ENSG00000251648.2	2	0	2
ENSG00000269961.1	4	0	4
ENSG00000112851.15	7955	1	7954
ENSG00000252904.1	0	0	0
ENSG00000286314.1	3	0	3
ENSG00000285999.1	15	0	15
ENSG00000153914.16	3638	41	3637
ENSG00000253744.1	0	40	0
ENSG00000248846.3	6	3	3
ENSG00000251391.5	2	0	2
ENSG00000286062.1	0	0	0
ENSG00000250313.3	0	0	0
ENSG00000234838.3	0	0	0
ENSG00000069020.18	582	6	576
ENSG00000248803.1	0	0	0
ENSG00000249057.1	0	0	0
ENSG00000229666.1	2	0	2
ENSG00000134061.5	0	0	0
ENSG00000251206.1	0	0	0
ENSG00000286647.1	0	0	0
ENSG00000249364.6	1	0	1
ENSG00000250978.5	0	0	0
ENSG00000239870.1	0	0	0
ENSG00000249736.1	0	0	0
ENSG00000249238.1	0	0	0
ENSG00000250669.1	0	0	0
ENSG00000249721.1	0	0	0
ENSG00000250421.5	0	0	0
ENSG00000249894.1	2	0	2
ENSG00000273860.1	0	0	0
ENSG00000253801.2	0	0	0
ENSG00000252108.1	0	0	0
ENSG00000213864.3	103	0	103
ENSG00000253787.1	0	0	0
ENSG00000145675.15	1397	1	1396
ENSG00000251044.2	0	0	0
ENSG00000248884.1	1	0	1
ENSG00000248359.2	0	0	0
ENSG00000249588.1	0	0	0
ENSG00000249335.2	0	0	0
ENSG00000250289.1	0	0	0
ENSG00000212249.2	0	0	0
ENSG00000250066.1	0	0	0
ENSG00000276309.1	0	0	0
ENSG00000249352.4	0	0	0
ENSG00000250237.1	0	0	0
ENSG00000249183.1	0	0	0
ENSG00000145740.19	1758	0	2187
ENSG00000248664.1	5	434	0
ENSG00000220986.1	0	0	0
ENSG00000280894.1	0	0	0
ENSG00000134057.15	5762	0	5763
ENSG00000280187.1	60	1	60
ENSG00000153044.10	735	0	735
ENSG00000134056.12	492	0	492
ENSG00000134058.12	1046	5	1041
ENSG00000183323.13	443	6	437
ENSG00000213830.3	4	0	4
ENSG00000215006.4	26	0	26
ENSG00000271045.1	0	0	0
ENSG00000085231.14	406	0	406
ENSG00000273841.5	3480	0	3483
ENSG00000152942.19	1181	52	1191
ENSG00000152939.17	11	0	11
ENSG00000244717.1	0	0	0
ENSG00000249295.1	0	0	0
ENSG00000266477.2	0	0	0
ENSG00000197822.11	82	0	82
ENSG00000212260.1	0	0	0
ENSG00000183474.16	163	0	163
ENSG00000248477.6	1	1	0
ENSG00000250138.4	2	2	0
ENSG00000253203.6	8	0	8
ENSG00000248769.1	0	0	0
ENSG00000198237.8	7	0	7
ENSG00000251158.1	0	0	0
ENSG00000249230.1	0	0	0
ENSG00000205572.10	15	0	15
ENSG00000205571.14	200	0	200
ENSG00000285151.1	0	0	0
ENSG00000179978.11	4	0	4
ENSG00000253492.1	0	0	0
ENSG00000254701.3	0	0	0
ENSG00000253816.3	0	0	0
ENSG00000226259.10	136	0	136
ENSG00000269983.1	0	0	0
ENSG00000250687.6	0	0	0
ENSG00000253333.1	0	0	0
ENSG00000196302.5	0	0	0
ENSG00000253366.3	0	0	0
ENSG00000288349.1	0	0	0
ENSG00000254335.1	0	0	0
ENSG00000172058.16	5	0	5
ENSG00000172062.17	142	0	142
ENSG00000285204.1	0	0	0
ENSG00000249437.8	6	2	4
ENSG00000145736.14	140	0	140
ENSG00000230847.4	3	0	3
ENSG00000251634.2	1	0	1
ENSG00000253900.1	0	0	0
ENSG00000215630.6	2	0	2
ENSG00000235558.3	0	0	0
ENSG00000250387.3	0	0	0
ENSG00000253985.1	0	0	0
ENSG00000169040.14	0	0	0
ENSG00000249981.1	0	0	0
ENSG00000145734.19	3363	1	3362
ENSG00000253536.1	0	0	0
ENSG00000247911.3	1	1	0
ENSG00000131844.16	2627	2	2625
ENSG00000164326.5	0	0	0
ENSG00000278824.1	0	0	0
ENSG00000285804.2	13	1	13
ENSG00000131711.15	12669	16	12654
ENSG00000264099.1	0	0	0
ENSG00000113048.17	3416	6	3416
ENSG00000244748.3	0	0	0
ENSG00000049883.15	789	0	795
ENSG00000244061.1	1	0	1
ENSG00000251108.1	0	0	0
ENSG00000261269.1	0	0	0
ENSG00000178175.12	1	1	0
ENSG00000248371.5	0	0	0
ENSG00000251613.4	0	0	0
ENSG00000226544.4	6	0	6
ENSG00000223497.1	0	0	0
ENSG00000206770.1	0	0	0
ENSG00000249085.1	0	0	0
ENSG00000083312.17	10650	2	10648
ENSG00000263593.1	0	0	0
ENSG00000242602.1	1	1	0
ENSG00000271926.1	0	0	0
ENSG00000272081.1	0	0	0
ENSG00000157107.14	551	0	551
ENSG00000251467.1	1	0	1
ENSG00000248930.1	2	0	2
ENSG00000157111.13	25	0	25
ENSG00000251599.1	0	0	0
ENSG00000250747.1	0	0	0
ENSG00000164325.8	0	0	0
ENSG00000287090.1	0	0	0
ENSG00000249743.6	0	0	0
ENSG00000251543.1	0	0	0
ENSG00000249149.2	0	0	0
ENSG00000251493.5	647	1	1500
ENSG00000247993.2	0	854	0
ENSG00000251604.1	6	0	6
ENSG00000251324.1	0	0	0
ENSG00000272525.1	13	3	10
ENSG00000145741.16	16300	1	16299
ENSG00000255883.1	48	0	48
ENSG00000164331.10	192	0	200
ENSG00000164338.10	1321	8	1321
ENSG00000214944.9	2027	0	2027
ENSG00000249293.1	1	1	0
ENSG00000184084.7	4	4	0
ENSG00000238913.1	0	0	0
ENSG00000259968.3	2	0	2
ENSG00000248474.1	0	0	0
ENSG00000248673.2	1	0	1
ENSG00000248942.3	0	0	0
ENSG00000244326.3	0	0	0
ENSG00000249343.3	0	0	0
ENSG00000250446.1	0	0	0
ENSG00000171617.14	2043	2	2085
ENSG00000049860.14	3171	222	3235
ENSG00000164347.18	1320	70	1509
ENSG00000207336.1	0	0	0
ENSG00000164346.10	2937	168	2951
ENSG00000198780.12	333	38	465
ENSG00000199645.1	0	0	0
ENSG00000250071.1	5	3	2
ENSG00000271714.1	0	0	0
ENSG00000212363.1	0	0	0
ENSG00000287701.1	0	0	0
ENSG00000249856.1	0	0	0
ENSG00000196390.6	0	0	0
ENSG00000239517.1	0	0	0
ENSG00000182383.8	0	0	0
ENSG00000249157.1	0	0	0
ENSG00000176928.7	5	0	5
ENSG00000145700.10	3	0	3
ENSG00000251663.1	0	0	0
ENSG00000247372.2	2	0	2
ENSG00000113161.16	3838	3	3988
ENSG00000113163.18	910	159	905
ENSG00000271815.1	6	2	4
ENSG00000242198.1	4	4	0
ENSG00000122008.15	1115	1	1213
ENSG00000251724.1	0	0	0
ENSG00000248881.1	0	98	0
ENSG00000272040.1	8	0	8
ENSG00000189045.15	14	5	9
ENSG00000152359.15	479	3	476
ENSG00000207333.1	0	0	0
ENSG00000251078.1	0	0	0
ENSG00000251419.1	0	0	0
ENSG00000249301.1	0	0	0
ENSG00000248684.1	0	0	0
ENSG00000228367.3	0	0	0
ENSG00000249777.1	0	0	0
ENSG00000251342.1	0	0	0
ENSG00000248127.1	0	0	0
ENSG00000122012.14	0	0	0
ENSG00000252833.1	0	0	0
ENSG00000251668.2	0	0	0
ENSG00000254893.6	220	0	220
ENSG00000249014.2	67	1	66
ENSG00000251107.1	1	0	1
ENSG00000250348.1	0	0	0
ENSG00000251235.3	4	0	4
ENSG00000145703.16	22	0	22
ENSG00000250574.1	0	0	0
ENSG00000249713.1	0	0	0
ENSG00000164220.7	38	0	38
ENSG00000225407.3	0	9	0
ENSG00000277188.1	0	0	0
ENSG00000278237.1	0	0	0
ENSG00000181104.7	1772	0	1781
ENSG00000164251.5	0	0	0
ENSG00000264391.2	0	0	0
ENSG00000171643.14	9	0	9
ENSG00000252684.1	0	0	0
ENSG00000145708.11	2	0	2
ENSG00000164252.13	801	4	797
ENSG00000285000.1	1	0	1
ENSG00000132846.6	1124	7	1333
ENSG00000250615.1	0	197	0
ENSG00000238961.1	3	0	3
ENSG00000250802.7	80	19	80
ENSG00000284762.1	0	0	0
ENSG00000251566.1	0	0	0
ENSG00000113231.14	12	12	0
ENSG00000251400.1	1	0	1
ENSG00000164253.14	1248	4	1253
ENSG00000244019.1	0	0	0
ENSG00000244363.3	515	0	515
ENSG00000171540.8	1	0	1
ENSG00000171530.15	1696	0	1696
ENSG00000213763.4	12	0	12
ENSG00000253572.2	0	0	0
ENSG00000287162.1	0	0	0
ENSG00000132842.14	2740	1	2739
ENSG00000253558.1	0	0	0
ENSG00000249372.1	0	0	0
ENSG00000251605.1	0	0	0
ENSG00000200331.1	0	0	0
ENSG00000206714.1	0	0	0
ENSG00000245556.3	114	1	113
ENSG00000085365.18	1546	14	1532
ENSG00000145685.14	1853	11	1842
ENSG00000248909.1	9	0	9
ENSG00000254170.1	0	0	0
ENSG00000254310.1	1	1	0
ENSG00000113273.17	1094	4	1090
ENSG00000132837.15	1	0	1
ENSG00000214890.3	0	0	0
ENSG00000132840.10	0	0	0
ENSG00000145692.15	2	0	2
ENSG00000201955.1	1	0	1
ENSG00000249829.2	0	0	0
ENSG00000206592.1	0	0	0
ENSG00000250330.1	0	0	0
ENSG00000152409.9	1050	7	1043
ENSG00000213757.3	228	1	227
ENSG00000152413.15	672	1	671
ENSG00000213755.3	0	0	0
ENSG00000243160.1	1	0	1
ENSG00000207391.1	0	0	0
ENSG00000277818.1	0	0	0
ENSG00000164329.13	1598	0	1598
ENSG00000164309.15	45	0	45
ENSG00000250258.1	0	0	0
ENSG00000286818.1	0	0	0
ENSG00000238254.3	0	0	0
ENSG00000250888.1	0	0	0
ENSG00000177034.17	3186	0	3186
ENSG00000113296.14	6	1	6
ENSG00000251050.1	0	0	0
ENSG00000249778.1	0	0	0
ENSG00000249825.6	0	0	1
ENSG00000164300.17	498	0	519
ENSG00000251675.1	0	21	0
ENSG00000249438.2	0	0	0
ENSG00000184188.6	1	0	1
ENSG00000251828.1	0	0	0
ENSG00000244076.1	1	0	1
ENSG00000164299.7	0	0	0
ENSG00000227087.4	3	0	3
ENSG00000248569.1	100	0	100
ENSG00000220157.4	45	0	45
ENSG00000206774.1	0	0	0
ENSG00000039319.17	1618	86	1779
ENSG00000249042.6	13	170	91
ENSG00000152380.10	19	1	19
ENSG00000242706.2	0	0	0
ENSG00000240003.2	1	0	1
ENSG00000189127.8	2	0	2
ENSG00000251366.1	0	0	0
ENSG00000251221.1	3	0	3
ENSG00000228716.7	4637	16	4652
ENSG00000249655.1	4	0	4
ENSG00000271043.2	0	0	0
ENSG00000113318.11	844	16	859
ENSG00000248967.1	0	0	0
ENSG00000244630.2	1	1	0
ENSG00000251450.2	3	3	0
ENSG00000113319.13	24	24	3
ENSG00000251001.1	0	0	0
ENSG00000249772.1	0	0	0
ENSG00000247572.8	188	0	191
ENSG00000131730.16	10	10	0
ENSG00000248794.1	5	0	5
ENSG00000131732.12	986	0	986
ENSG00000172497.9	0	0	0
ENSG00000286721.1	1	0	1
ENSG00000145687.16	106	0	106
ENSG00000287938.1	0	0	0
ENSG00000249483.1	0	0	0
ENSG00000214857.4	0	0	0
ENSG00000152348.16	146	10407	130
ENSG00000236447.2	0	0	0
ENSG00000251495.1	246	1	245
ENSG00000248192.1	0	0	0
ENSG00000265684.2	0	0	0
ENSG00000251374.1	0	0	0
ENSG00000186468.13	6262	5	16648
ENSG00000205464.12	21	0	21
ENSG00000248393.1	0	0	0
ENSG00000248870.1	0	0	0
ENSG00000249100.1	0	0	0
ENSG00000240411.2	0	0	0
ENSG00000248105.1	0	0	0
ENSG00000283359.1	0	0	0
ENSG00000281327.2	1	0	1
ENSG00000248112.1	0	0	0
ENSG00000249857.1	0	0	0
ENSG00000248400.2	2	0	2
ENSG00000249664.1	1	0	1
ENSG00000271862.1	39	0	39
ENSG00000174695.10	3500	0	3500
ENSG00000238835.1	1	0	1
ENSG00000152422.16	424	0	424
ENSG00000243385.2	1	0	1
ENSG00000251552.1	0	0	0
ENSG00000251395.1	0	0	0
ENSG00000038427.16	7240	0	7725
ENSG00000249835.2	4	489	0
ENSG00000145681.11	0	0	0
ENSG00000253073.1	0	0	0
ENSG00000206744.1	0	0	0
ENSG00000242858.1	3	0	3
ENSG00000202157.1	0	0	0
ENSG00000250013.1	0	0	0
ENSG00000164176.13	213	0	217
ENSG00000252861.1	0	0	0
ENSG00000250320.6	9	4	9
ENSG00000214853.5	0	0	0
ENSG00000249349.1	0	0	0
ENSG00000248674.1	0	0	0
ENSG00000250253.3	0	0	0
ENSG00000249792.1	0	0	0
ENSG00000248170.1	0	0	0
ENSG00000248667.1	0	0	0
ENSG00000249023.1	0	0	0
ENSG00000249842.1	0	0	0
ENSG00000243859.3	3	0	3
ENSG00000251066.1	1	0	1
ENSG00000250874.1	0	0	0
ENSG00000241965.2	0	0	0
ENSG00000249153.1	0	0	0
ENSG00000250359.1	0	0	0
ENSG00000205449.11	8	0	8
ENSG00000280009.1	3	0	3
ENSG00000248195.1	0	0	0
ENSG00000248363.5	0	0	0
ENSG00000250124.1	0	0	0
ENSG00000251585.1	0	0	0
ENSG00000127184.13	3658	0	3658
ENSG00000284078.1	0	0	0
ENSG00000207013.1	0	0	0
ENSG00000250544.2	0	0	0
ENSG00000248701.1	0	0	0
ENSG00000242477.1	24	0	24
ENSG00000249061.1	0	0	0
ENSG00000233828.5	15	0	15
ENSG00000251951.1	0	0	0
ENSG00000265919.1	0	0	0
ENSG00000288569.1	0	0	0
ENSG00000145715.15	1852	121	2156
ENSG00000241243.3	1	1	0
ENSG00000207452.1	0	0	0
ENSG00000134480.16	1162	429	1323
ENSG00000285190.1	0	165	0
ENSG00000200462.1	0	0	0
ENSG00000249362.2	0	0	0
ENSG00000248708.2	0	0	0
ENSG00000287783.1	0	0	0
ENSG00000287862.1	0	0	0
ENSG00000164180.14	1251	9	1251
ENSG00000247828.8	506	0	518
ENSG00000207129.1	0	3	0
ENSG00000240083.2	2	0	2
ENSG00000206958.1	0	0	0
ENSG00000250306.1	0	0	0
ENSG00000250156.3	0	0	0
ENSG00000271904.1	1	1	0
ENSG00000245526.11	178	0	178
ENSG00000250705.1	0	0	0
ENSG00000284447.1	0	0	0
ENSG00000245864.3	0	11	0
ENSG00000250377.2	1	1	0
ENSG00000250555.2	0	0	0
ENSG00000081189.16	144	2	154
ENSG00000248309.7	1	1	1
ENSG00000250831.1	0	0	0
ENSG00000250437.1	0	0	0
ENSG00000214942.6	0	0	0
ENSG00000264342.3	0	0	0
ENSG00000248555.7	0	0	0
ENSG00000253321.1	0	0	0
ENSG00000260871.1	0	0	0
ENSG00000153140.9	439	0	439
ENSG00000255647.3	0	0	0
ENSG00000176055.10	351	1	358
ENSG00000113356.13	1770	8	1770
ENSG00000176018.13	826	19	825
ENSG00000164199.18	131	18	131
ENSG00000249514.1	0	0	0
ENSG00000248323.7	118	1	117
ENSG00000285618.1	0	0	0
ENSG00000212930.3	0	0	0
ENSG00000251093.1	0	0	0
ENSG00000199643.1	0	0	0
ENSG00000234292.3	0	2	0
ENSG00000286638.1	3	0	5
ENSG00000277001.1	0	0	0
ENSG00000240388.2	0	0	0
ENSG00000241059.2	0	0	0
ENSG00000113369.9	949	1	950
ENSG00000281357.3	17	2	17
ENSG00000251356.1	0	0	0
ENSG00000286121.1	0	0	0
ENSG00000248826.2	0	0	0
ENSG00000276426.1	0	0	0
ENSG00000250049.7	0	0	0
ENSG00000249776.5	0	0	0
ENSG00000249169.1	0	0	0
ENSG00000249984.1	0	0	0
ENSG00000248588.2	0	0	0
ENSG00000248950.1	0	0	0
ENSG00000249958.1	0	0	0
ENSG00000248528.1	0	0	0
ENSG00000251361.1	2	0	2
ENSG00000286509.1	1	1	0
ENSG00000213730.3	0	0	0
ENSG00000237187.9	82	11	83
ENSG00000175745.14	117	6	123
ENSG00000278905.1	0	0	0
ENSG00000113391.19	1097	0	1097
ENSG00000284336.1	0	0	0
ENSG00000287180.1	1	1	0
ENSG00000249353.2	223	0	223
ENSG00000248483.7	3	0	3
ENSG00000272406.1	0	0	0
ENSG00000287447.1	2	2	0
ENSG00000251023.1	9	0	9
ENSG00000286577.1	0	0	0
ENSG00000185261.14	48	0	48
ENSG00000251544.1	1	1	0
ENSG00000254132.1	31	31	0
ENSG00000251340.1	0	0	0
ENSG00000232578.4	2	2	0
ENSG00000270133.1	7	0	7
ENSG00000133302.13	959	2	957
ENSG00000175471.19	1445	60	1385
ENSG00000249175.1	0	0	0
ENSG00000243806.1	0	0	0
ENSG00000276514.1	0	0	0
ENSG00000249545.1	1	1	0
ENSG00000153347.10	0	0	0
ENSG00000225165.3	0	0	0
ENSG00000198677.12	5514	0	5514
ENSG00000212259.1	1	1	0
ENSG00000164291.17	423	2	421
ENSG00000178015.5	9	4	5
ENSG00000175449.14	49	2	67
ENSG00000145757.16	8	23	5
ENSG00000250240.6	11	109	13
ENSG00000164292.13	2729	3	2837
ENSG00000173221.14	152	9	143
ENSG00000251348.1	7	0	7
ENSG00000251000.1	16	1	15
ENSG00000251409.1	0	0	0
ENSG00000236882.8	2	0	2
ENSG00000272021.1	0	0	0
ENSG00000250362.1	2	0	2
ENSG00000118985.16	3202	1	3201
ENSG00000251314.2	0	0	0
ENSG00000250955.1	0	0	0
ENSG00000213716.3	0	0	0
ENSG00000250551.1	0	0	0
ENSG00000207578.1	0	0	0
ENSG00000206997.1	0	0	0
ENSG00000249746.1	0	0	0
ENSG00000250158.1	0	0	0
ENSG00000175426.11	1	0	1
ENSG00000153113.24	5698	147	6739
ENSG00000249180.1	0	509	0
ENSG00000164307.13	770	698	904
ENSG00000248734.2	23	85	16
ENSG00000272109.2	3	78	0
ENSG00000247121.7	7	4	4
ENSG00000164308.17	1119	1	1118
ENSG00000113441.16	1241	0	1242
ENSG00000227836.1	5	0	5
ENSG00000200884.1	0	0	0
ENSG00000213701.4	4	0	4
ENSG00000251513.2	1	47	1
ENSG00000145721.12	0	0	0
ENSG00000058729.11	897	0	944
ENSG00000206698.1	1	0	1
ENSG00000286828.1	4	0	4
ENSG00000248758.1	0	0	0
ENSG00000251054.1	1	1	0
ENSG00000249761.1	0	0	0
ENSG00000251389.1	0	0	0
ENSG00000249977.1	0	0	0
ENSG00000250331.2	1	0	1
ENSG00000248931.1	0	0	0
ENSG00000251193.1	0	0	0
ENSG00000286953.1	0	0	0
ENSG00000248202.2	0	0	0
ENSG00000249101.1	0	0	0
ENSG00000248901.2	0	0	0
ENSG00000249135.1	0	0	0
ENSG00000238000.1	6	0	6
ENSG00000176183.8	2	0	2
ENSG00000250221.1	0	0	0
ENSG00000250830.1	0	0	0
ENSG00000249990.1	0	0	0
ENSG00000249448.1	0	0	0
ENSG00000251102.1	85	0	85
ENSG00000251553.1	2	0	2
ENSG00000174136.13	1143	6	3805
ENSG00000246763.7	221	282	4
ENSG00000279232.2	8	2607	4
ENSG00000250162.1	0	0	0
ENSG00000153922.11	5029	2	5027
ENSG00000222610.1	0	0	0
ENSG00000248489.2	5	0	5
ENSG00000200351.1	0	0	0
ENSG00000241597.2	0	0	0
ENSG00000249444.2	0	0	0
ENSG00000206356.5	0	0	0
ENSG00000227762.4	0	0	0
ENSG00000249515.1	0	0	0
ENSG00000248236.1	0	0	0
ENSG00000248928.1	0	0	0
ENSG00000250391.1	0	0	0
ENSG00000249963.1	0	0	0
ENSG00000199378.1	0	0	0
ENSG00000270232.1	0	0	0
ENSG00000270230.1	1	1	0
ENSG00000271687.1	0	0	0
ENSG00000270906.1	0	0	0
ENSG00000270350.1	0	0	0
ENSG00000271480.1	0	0	0
ENSG00000270388.1	0	0	0
ENSG00000270307.1	0	0	0
ENSG00000270225.1	1	0	1
ENSG00000271207.1	0	0	0
ENSG00000274455.1	0	0	0
ENSG00000207077.1	0	0	0
ENSG00000275374.1	0	0	0
ENSG00000273957.1	0	0	0
ENSG00000249787.2	0	0	0
ENSG00000247877.7	1	0	1
ENSG00000174132.9	168	0	168
ENSG00000250806.2	0	0	0
ENSG00000207269.1	0	0	0
ENSG00000113532.13	83	0	83
ENSG00000221263.1	0	0	0
ENSG00000277506.1	0	0	0
ENSG00000251261.4	0	0	0
ENSG00000249495.1	0	0	0
ENSG00000199786.1	0	0	0
ENSG00000248261.2	0	0	0
ENSG00000173930.9	25	0	25
ENSG00000222987.1	0	0	0
ENSG00000205359.10	0	0	0
ENSG00000249017.1	0	0	0
ENSG00000250958.1	0	0	0
ENSG00000250682.6	0	0	0
ENSG00000247402.2	1	1	0
ENSG00000286338.1	0	0	0
ENSG00000145730.20	3011	0	3011
ENSG00000175749.11	0	0	0
ENSG00000145723.17	160	0	160
ENSG00000145725.20	1791	0	1791
ENSG00000248203.1	0	0	0
ENSG00000181751.10	804	0	804
ENSG00000250567.1	0	0	0
ENSG00000226926.7	1	1	0
ENSG00000248757.2	0	0	0
ENSG00000112874.10	301	0	301
ENSG00000283462.2	0	0	0
ENSG00000251026.2	0	0	0
ENSG00000201910.1	0	0	0
ENSG00000239808.3	0	0	0
ENSG00000251574.8	0	0	0
ENSG00000278958.1	0	0	0
ENSG00000253776.1	0	0	0
ENSG00000252881.1	0	0	0
ENSG00000253584.1	0	0	0
ENSG00000232159.3	0	0	0
ENSG00000201790.1	0	0	0
ENSG00000251204.1	2	0	2
ENSG00000250145.1	0	0	0
ENSG00000252337.1	0	0	0
ENSG00000251027.2	0	0	0
ENSG00000250273.1	211	34	177
ENSG00000184349.13	814	1	813
ENSG00000249959.6	0	0	0
ENSG00000248827.1	2	0	2
ENSG00000239708.3	0	0	0
ENSG00000251732.1	0	0	0
ENSG00000145743.17	794	0	794
ENSG00000286503.1	1	1	0
ENSG00000244245.1	946	0	946
ENSG00000272523.1	9	3	6
ENSG00000151422.13	2450	1	2488
ENSG00000249921.2	6	0	6
ENSG00000250383.1	0	0	0
ENSG00000207404.1	0	0	0
ENSG00000250441.1	0	0	0
ENSG00000206593.1	0	0	0
ENSG00000176857.5	28	1	27
ENSG00000286882.1	0	39	0
ENSG00000249476.2	6	0	6
ENSG00000198961.10	2423	0	2423
ENSG00000248867.1	0	0	0
ENSG00000251367.1	0	0	0
ENSG00000248876.1	0	0	0
ENSG00000248440.1	0	0	0
ENSG00000214794.4	0	0	0
ENSG00000271849.1	1	0	1
ENSG00000112893.9	2270	0	2270
ENSG00000202512.1	0	0	0
ENSG00000249068.1	7	7	0
ENSG00000254106.1	0	0	0
ENSG00000253224.1	0	0	0
ENSG00000186952.15	16	0	16
ENSG00000221436.1	0	0	0
ENSG00000207177.1	0	0	0
ENSG00000164209.17	2534	1	2533
ENSG00000270779.1	0	0	0
ENSG00000248966.1	58	0	58
ENSG00000248428.1	0	0	0
ENSG00000251627.1	0	0	0
ENSG00000145777.15	27	0	28
ENSG00000253613.2	0	1	0
ENSG00000134987.11	3225	0	3225
ENSG00000250728.1	0	0	0
ENSG00000214784.4	82	1	81
ENSG00000152495.11	1768	10	1758
ENSG00000249318.1	2	2	0
ENSG00000248268.1	0	0	0
ENSG00000164211.13	1660	13	1665
ENSG00000246859.3	186	1021	7
ENSG00000249619.1	0	0	1
ENSG00000251099.2	1	2	0
ENSG00000134986.14	131	3	952
ENSG00000253057.1	0	0	0
ENSG00000249439.1	0	0	0
ENSG00000250095.5	0	0	0
ENSG00000129595.14	43	320	78
ENSG00000224032.7	387	33	702
ENSG00000238363.1	5	0	5
ENSG00000250882.1	0	0	0
ENSG00000251187.5	0	7	0
ENSG00000251076.1	0	0	0
ENSG00000248350.1	0	0	0
ENSG00000278921.2	0	0	0
ENSG00000248430.1	0	0	0
ENSG00000251014.1	0	0	0
ENSG00000250358.6	0	0	0
ENSG00000134982.17	3420	0	3420
ENSG00000250045.2	0	0	0
ENSG00000212370.1	0	0	0
ENSG00000258864.1	0	0	0
ENSG00000153037.15	639	27	613
ENSG00000129625.13	2025	18	2022
ENSG00000249947.2	6	5	1
ENSG00000212643.3	0	0	0
ENSG00000172795.17	1816	3	1814
ENSG00000171444.18	795	37	759
ENSG00000232633.4	0	0	0
ENSG00000212122.4	0	0	0
ENSG00000251741.1	0	0	0
ENSG00000047188.16	1735	0	1735
ENSG00000286839.1	1	0	1
ENSG00000080709.16	44	0	46
ENSG00000222706.1	0	0	0
ENSG00000246316.8	0	2	0
ENSG00000251542.1	0	0	0
ENSG00000251132.1	0	0	0
ENSG00000250242.1	0	0	0
ENSG00000152503.10	226	0	226
ENSG00000250472.1	0	0	0
ENSG00000249791.1	11	11	0
ENSG00000164219.10	1013	3	1043
ENSG00000271797.1	3	31	5
ENSG00000243304.3	0	0	0
ENSG00000164221.13	465	0	465
ENSG00000250197.1	0	0	0
ENSG00000249026.2	1	0	1
ENSG00000248722.1	0	0	0
ENSG00000249944.1	0	0	0
ENSG00000249433.1	0	0	0
ENSG00000250444.1	13	0	13
ENSG00000145780.8	1638	0	1638
ENSG00000243414.6	2	0	5
ENSG00000251201.8	0	0	0
ENSG00000249249.2	38	405	0
ENSG00000134970.14	3275	0	3275
ENSG00000249021.1	0	0	0
ENSG00000248709.3	0	0	0
ENSG00000251118.1	0	0	0
ENSG00000222598.1	0	0	0
ENSG00000129596.5	150	0	150
ENSG00000145782.13	2002	6	2013
ENSG00000177879.17	1508	13	1512
ENSG00000287148.1	0	0	0
ENSG00000172901.20	7	0	7
ENSG00000248295.2	0	0	0
ENSG00000268223.6	18	0	18
ENSG00000185641.6	108	0	108
ENSG00000272265.1	0	0	0
ENSG00000271918.1	12	7	12
ENSG00000145781.9	568	0	577
ENSG00000212457.1	2	2	0
ENSG00000232916.1	2	0	2
ENSG00000250015.1	14	14	0
ENSG00000092421.17	37	17	26
ENSG00000248445.5	12	0	15
ENSG00000239528.1	1	0	1
ENSG00000249167.2	2	1	2
ENSG00000197575.6	2	0	2
ENSG00000251311.1	0	0	0
ENSG00000249150.2	0	0	0
ENSG00000250650.1	0	0	0
ENSG00000250949.1	0	0	0
ENSG00000243758.1	0	0	0
ENSG00000285809.1	0	0	0
ENSG00000248663.6	0	0	0
ENSG00000251477.1	0	0	0
ENSG00000249797.2	0	0	0
ENSG00000249582.1	0	0	0
ENSG00000250891.2	0	0	0
ENSG00000250427.1	0	0	0
ENSG00000249551.1	0	0	0
ENSG00000286745.1	0	0	0
ENSG00000249128.1	2	2	0
ENSG00000238904.1	0	0	0
ENSG00000249426.1	0	0	0
ENSG00000169570.10	478	0	478
ENSG00000197744.5	96	0	96
ENSG00000283498.1	128	0	128
ENSG00000249494.6	0	0	0
ENSG00000223179.3	0	0	0
ENSG00000250678.1	0	0	0
ENSG00000250928.1	0	0	0
ENSG00000172869.14	1212	0	1212
ENSG00000248885.1	1	1	0
ENSG00000248979.2	0	0	0
ENSG00000206786.1	0	0	0
ENSG00000264536.1	0	0	0
ENSG00000145779.8	348	0	348
ENSG00000243333.3	0	0	0
ENSG00000202092.1	0	0	0
ENSG00000133835.17	2573	0	2573
ENSG00000213663.4	1	1	0
ENSG00000249919.1	0	0	0
ENSG00000164334.15	1	0	1
ENSG00000250895.1	0	0	0
ENSG00000234259.3	0	0	0
ENSG00000251293.1	0	0	0
ENSG00000251975.1	0	0	0
ENSG00000261036.2	0	0	0
ENSG00000184838.15	211	0	211
ENSG00000270741.1	1	1	0
ENSG00000222609.1	0	0	0
ENSG00000248927.1	23	0	23
ENSG00000251135.2	0	0	0
ENSG00000248853.1	0	0	0
ENSG00000229855.9	0	0	0
ENSG00000250847.1	0	0	0
ENSG00000279860.1	0	0	0
ENSG00000244088.1	0	0	0
ENSG00000213661.3	2	0	2
ENSG00000249600.1	0	0	0
ENSG00000181867.3	0	0	0
ENSG00000151304.6	924	31	926
ENSG00000113083.15	481	50	464
ENSG00000247311.3	0	0	0
ENSG00000164185.6	5	0	5
ENSG00000250803.6	0	0	0
ENSG00000249610.1	0	0	0
ENSG00000272139.1	0	0	0
ENSG00000064692.20	7	0	8
ENSG00000249621.1	0	0	0
ENSG00000249916.1	0	0	0
ENSG00000287794.1	0	0	0
ENSG00000250328.6	0	1	0
ENSG00000251538.7	0	0	0
ENSG00000240058.3	0	0	0
ENSG00000205302.7	1946	2	1944
ENSG00000260686.1	0	0	0
ENSG00000064652.11	862	38	860
ENSG00000263432.2	2	0	2
ENSG00000168938.6	161	2	210
ENSG00000249996.1	0	12	0
ENSG00000276047.1	0	0	0
ENSG00000223652.2	4	0	4
ENSG00000061455.11	21	0	21
ENSG00000213655.4	0	0	0
ENSG00000168944.17	1345	1	1344
ENSG00000250539.1	16	0	16
ENSG00000249400.1	0	0	0
ENSG00000279772.1	0	0	0
ENSG00000151292.17	2164	1	2163
ENSG00000235275.3	0	0	0
ENSG00000253807.6	0	0	0
ENSG00000250862.1	0	0	0
ENSG00000251421.2	0	0	0
ENSG00000248600.2	0	0	0
ENSG00000251214.1	0	0	0
ENSG00000250438.1	0	0	0
ENSG00000248296.1	0	0	0
ENSG00000168916.15	50	0	50
ENSG00000249112.1	0	0	0
ENSG00000251456.1	0	0	0
ENSG00000242814.2	0	0	25
ENSG00000260192.3	0	25	0
ENSG00000248443.1	0	0	0
ENSG00000249261.1	0	0	0
ENSG00000288008.1	0	0	0
ENSG00000250194.1	0	0	0
ENSG00000250721.1	0	0	0
ENSG00000248752.3	1	0	1
ENSG00000222107.1	0	0	0
ENSG00000250402.2	0	0	0
ENSG00000286111.1	0	0	0
ENSG00000249950.1	0	0	0
ENSG00000249904.1	0	0	0
ENSG00000241888.2	0	0	0
ENSG00000248107.2	0	0	0
ENSG00000155324.10	49	0	59
ENSG00000250602.6	0	10	0
ENSG00000279118.1	1	0	1
ENSG00000164904.18	1175	0	1175
ENSG00000202082.2	0	0	0
ENSG00000164902.14	2639	0	2639
ENSG00000230929.5	7	7	0
ENSG00000196900.5	0	0	0
ENSG00000213630.3	1	0	1
ENSG00000249768.2	0	0	0
ENSG00000251072.2	0	0	0
ENSG00000252185.1	0	0	0
ENSG00000113368.12	5648	4	5644
ENSG00000173926.6	86	29	57
ENSG00000164241.13	3	0	3
ENSG00000279446.1	0	0	0
ENSG00000214743.4	0	0	0
ENSG00000250080.1	0	0	0
ENSG00000271585.1	0	0	0
ENSG00000250956.1	0	0	0
ENSG00000283897.2	2	0	2
ENSG00000286615.1	0	0	0
ENSG00000145794.17	5	0	5
ENSG00000249577.1	0	0	0
ENSG00000271766.1	0	0	0
ENSG00000250859.1	209	0	209
ENSG00000164244.21	1874	0	1874
ENSG00000282925.1	0	0	0
ENSG00000205279.8	0	0	0
ENSG00000248799.1	0	0	0
ENSG00000230561.4	6	6	0
ENSG00000251032.1	2	0	2
ENSG00000250603.1	0	0	0
ENSG00000245937.8	358	0	358
ENSG00000064651.14	1686	2	1684
ENSG00000250329.1	1	0	1
ENSG00000138829.12	3616	0	3629
ENSG00000207290.1	0	0	0
ENSG00000113396.13	44	13	44
ENSG00000248634.1	0	0	0
ENSG00000066583.12	716	0	716
ENSG00000264563.1	0	0	0
ENSG00000286274.1	1	0	1
ENSG00000265691.1	0	0	0
ENSG00000249421.2	3	0	3
ENSG00000145808.10	10	0	14
ENSG00000251680.6	1	6	1
ENSG00000186367.7	0	0	0
ENSG00000198108.4	92	0	94
ENSG00000221562.1	0	0	0
ENSG00000199455.1	0	0	0
ENSG00000248610.1	3	0	3
ENSG00000252514.1	0	0	0
ENSG00000249312.1	0	0	0
ENSG00000249418.2	0	0	0
ENSG00000287390.1	0	0	0
ENSG00000244192.1	9	0	9
ENSG00000250405.2	0	0	0
ENSG00000248955.1	0	0	0
ENSG00000169567.13	3599	0	3599
ENSG00000186687.16	1445	0	1445
ENSG00000158985.14	847	8	839
ENSG00000279370.1	0	0	0
ENSG00000158987.22	267	0	267
ENSG00000273217.1	0	0	0
ENSG00000275939.1	0	0	0
ENSG00000217128.12	1602	0	1602
ENSG00000286676.1	1	0	1
ENSG00000279584.1	0	0	0
ENSG00000239642.6	0	0	0
ENSG00000281938.2	0	0	0
ENSG00000234758.1	0	0	0
ENSG00000164398.15	12	0	12
ENSG00000223548.1	0	0	0
ENSG00000231585.1	0	0	0
ENSG00000164399.5	0	0	0
ENSG00000164400.6	13	0	13
ENSG00000253067.1	0	0	0
ENSG00000227616.1	0	0	0
ENSG00000235775.1	0	0	0
ENSG00000224015.1	0	0	0
ENSG00000237714.1	1	50	0
ENSG00000072682.19	513	1	561
ENSG00000224431.1	2	2	0
ENSG00000283678.1	0	0	0
ENSG00000131435.13	465	0	465
ENSG00000197208.6	51	0	62
ENSG00000233006.8	9	15	9
ENSG00000263597.1	0	0	0
ENSG00000197375.13	152	0	156
ENSG00000197536.11	21	72	20
ENSG00000283782.2	0	0	0
ENSG00000238160.1	0	0	0
ENSG00000202533.1	1	1	0
ENSG00000234290.2	10	7	11
ENSG00000125347.14	246	0	359
ENSG00000113525.10	0	0	0
ENSG00000113522.14	39	0	39
ENSG00000223442.1	1	43	0
ENSG00000169194.9	0	0	0
ENSG00000113520.11	1	1	0
ENSG00000230612.3	2	2	0
ENSG00000131437.16	619	0	619
ENSG00000205089.8	1	7	0
ENSG00000164402.14	1632	0	1638
ENSG00000198944.6	0	0	0
ENSG00000272203.1	2	0	2
ENSG00000164403.15	98	0	98
ENSG00000201274.1	0	0	0
ENSG00000164404.8	4	53	4
ENSG00000164405.11	1971	2	2022
ENSG00000164406.8	16	2	14
ENSG00000072364.13	4940	11	4929
ENSG00000235253.1	1	1	0
ENSG00000202417.1	0	0	0
ENSG00000225364.1	1	1	0
ENSG00000272023.1	0	0	0
ENSG00000229738.1	0	0	0
ENSG00000199677.1	0	0	0
ENSG00000155329.12	437	0	437
ENSG00000248648.1	5	5	0
ENSG00000287054.1	3	3	0
ENSG00000286408.1	3	0	3
ENSG00000170606.15	10448	4	10444
ENSG00000279691.1	0	0	0
ENSG00000251616.1	0	0	0
ENSG00000248245.1	0	0	0
ENSG00000240611.1	0	0	0
ENSG00000053108.17	0	0	0
ENSG00000249478.1	0	0	0
ENSG00000250244.5	0	0	0
ENSG00000250409.1	0	0	0
ENSG00000221287.1	0	0	0
ENSG00000280104.1	0	0	0
ENSG00000279197.1	0	0	0
ENSG00000251243.1	0	0	0
ENSG00000249073.1	0	0	0
ENSG00000113583.8	2089	0	2089
ENSG00000213585.11	7503	1	7502
ENSG00000271737.1	0	0	0
ENSG00000271128.1	0	0	0
ENSG00000081059.20	7	10	0
ENSG00000113558.19	3155	0	3158
ENSG00000272772.1	0	0	0
ENSG00000113575.10	4384	0	4384
ENSG00000273345.5	4	0	4
ENSG00000266751.1	0	185	0
ENSG00000270177.1	5	0	5
ENSG00000239615.1	0	0	0
ENSG00000006837.12	18	0	18
ENSG00000119048.8	986	9	977
ENSG00000279469.1	2	0	2
ENSG00000248559.1	13	13	0
ENSG00000237190.4	616	0	616
ENSG00000243648.1	7	0	7
ENSG00000250564.2	0	0	0
ENSG00000250994.1	0	0	0
ENSG00000207222.1	0	0	0
ENSG00000251169.2	0	0	0
ENSG00000240250.3	0	0	0
ENSG00000280420.1	0	0	0
ENSG00000043143.20	921	1	920
ENSG00000152700.14	1477	36	1479
ENSG00000207459.1	0	0	0
ENSG00000113615.13	1845	2	1881
ENSG00000201298.1	0	0	0
ENSG00000222266.1	0	0	0
ENSG00000164615.6	896	0	896
ENSG00000145833.16	6296	7	6290
ENSG00000241179.1	0	0	0
ENSG00000181904.9	2565	0	2565
ENSG00000270892.1	0	0	0
ENSG00000113621.15	782	2	780
ENSG00000132570.15	261	1	260
ENSG00000279799.1	1	0	1
ENSG00000244921.2	4	4	0
ENSG00000249119.1	13	8	5
ENSG00000248923.1	57	47	10
ENSG00000247627.2	85	11	74
ENSG00000198868.3	5	5	0
ENSG00000263963.1	0	4	0
ENSG00000249192.1	2	2	0
ENSG00000152705.8	3	0	3
ENSG00000069011.16	30	0	30
ENSG00000224186.8	21	1474	9
ENSG00000277619.1	0	0	0
ENSG00000249082.2	0	1	0
ENSG00000248753.1	0	0	0
ENSG00000248482.1	0	0	0
ENSG00000249647.2	0	0	0
ENSG00000113648.16	6448	14	7896
ENSG00000270021.1	4	0	4
ENSG00000251380.3	0	0	0
ENSG00000255833.2	0	0	0
ENSG00000249639.1	0	0	0
ENSG00000181965.6	0	0	0
ENSG00000250167.1	0	0	0
ENSG00000145824.13	0	0	0
ENSG00000145832.14	0	0	0
ENSG00000251045.1	0	0	0
ENSG00000223539.4	0	0	0
ENSG00000265924.1	0	0	0
ENSG00000250378.4	0	0	0
ENSG00000145839.2	0	0	0
ENSG00000254239.1	0	0	0
ENSG00000253927.1	0	0	0
ENSG00000145826.9	0	0	0
ENSG00000164616.16	0	0	0
ENSG00000120708.17	22846	4	22842
ENSG00000270123.4	0	0	0
ENSG00000278815.1	0	0	0
ENSG00000164621.5	0	1	0
ENSG00000277859.1	0	0	0
ENSG00000113658.18	2451	0	2451
ENSG00000275646.1	0	0	0
ENSG00000277524.1	0	0	0
ENSG00000274934.1	0	0	0
ENSG00000271824.2	3	3	0
ENSG00000069018.19	4	4	0
ENSG00000248211.1	5	0	5
ENSG00000250947.1	0	0	0
ENSG00000279240.1	0	0	0
ENSG00000248351.1	0	0	0
ENSG00000213568.4	1	0	1
ENSG00000249803.6	0	0	0
ENSG00000250284.3	0	0	0
ENSG00000248616.1	0	0	0
ENSG00000222285.1	0	0	0
ENSG00000152377.14	2096	0	2096
ENSG00000146021.15	5	0	5
ENSG00000216009.3	0	0	0
ENSG00000177733.7	4628	2	4626
ENSG00000287067.1	2	1	1
ENSG00000270697.1	0	0	0
ENSG00000226306.6	1	0	1
ENSG00000250159.7	21	0	39
ENSG00000120729.10	3	18	0
ENSG00000078795.17	9	132	0
ENSG00000031003.10	937	1	1065
ENSG00000246323.2	1	9	1
ENSG00000250260.1	0	0	0
ENSG00000222924.1	0	0	0
ENSG00000061492.12	0	0	0
ENSG00000112981.5	5	0	5
ENSG00000212460.1	0	0	0
ENSG00000199880.1	0	0	0
ENSG00000112983.18	1787	0	1794
ENSG00000112984.12	3504	29	3513
ENSG00000094880.11	1747	38	1740
ENSG00000146013.11	0	0	0
ENSG00000249851.1	0	0	0
ENSG00000158402.20	543	9	543
ENSG00000120709.11	1391	2	1605
ENSG00000249971.1	0	207	0
ENSG00000120733.14	2237	2	2235
ENSG00000132563.16	105	0	105
ENSG00000271196.1	0	0	0
ENSG00000120738.8	75	0	75
ENSG00000241458.1	5	0	5
ENSG00000120705.13	10971	2	10969
ENSG00000113013.16	13612	7	13605
ENSG00000222937.1	0	0	0
ENSG00000206989.1	0	0	0
ENSG00000044115.21	12302	2	12301
ENSG00000232174.3	0	0	0
ENSG00000238745.1	0	0	0
ENSG00000253404.1	0	0	0
ENSG00000146006.8	85	2	84
ENSG00000120725.13	113	121	132
ENSG00000201532.1	0	0	0
ENSG00000249593.6	0	22	0
ENSG00000242683.1	0	0	0
ENSG00000252533.1	0	0	0
ENSG00000280987.4	4	0	5
ENSG00000281398.4	1732	0	1848
ENSG00000252213.1	3	0	3
ENSG00000200959.1	6	0	6
ENSG00000015479.20	197	0	197
ENSG00000199545.1	3	0	3
ENSG00000253015.1	1	1	0
ENSG00000120727.13	1540	0	2417
ENSG00000272742.1	0	877	0
ENSG00000170482.17	7	7	0
ENSG00000170476.16	0	0	0
ENSG00000228672.4	11	0	11
ENSG00000170469.11	32	0	32
ENSG00000170464.10	350	0	350
ENSG00000279686.1	0	0	0
ENSG00000200378.1	0	0	0
ENSG00000249751.4	0	0	0
ENSG00000283288.1	0	0	0
ENSG00000184584.13	120	0	120
ENSG00000249689.1	0	0	0
ENSG00000249215.1	0	0	0
ENSG00000286403.1	1	0	1
ENSG00000131508.16	1975	0	1975
ENSG00000207020.1	0	0	0
ENSG00000275506.1	3	3	0
ENSG00000272255.1	0	0	0
ENSG00000171604.12	149	0	149
ENSG00000250635.1	0	0	0
ENSG00000249526.1	0	0	0
ENSG00000200756.1	0	0	0
ENSG00000249131.2	0	0	0
ENSG00000251387.1	0	0	0
ENSG00000271792.1	0	0	0
ENSG00000146005.4	1	0	1
ENSG00000158458.21	40	0	43
ENSG00000250692.1	0	3	0
ENSG00000207317.1	1	1	0
ENSG00000245146.7	28	13	17
ENSG00000185129.8	1030	3	1029
ENSG00000182700.5	53	0	53
ENSG00000254363.6	2	0	2
ENSG00000120306.11	322	406	319
ENSG00000250069.1	2	0	2
ENSG00000113068.10	1724	0	2127
ENSG00000113070.8	1401	0	1401
ENSG00000253965.1	0	0	0
ENSG00000113073.15	1	0	2
ENSG00000249637.2	11	1	11
ENSG00000222790.1	0	0	0
ENSG00000131503.21	65	0	65
ENSG00000254996.5	47	21	26
ENSG00000200051.1	0	0	0
ENSG00000213523.10	582	125	570
ENSG00000243056.2	0	0	0
ENSG00000113108.19	217	21	199
ENSG00000283155.1	1	1	0
ENSG00000283717.1	0	0	0
ENSG00000176087.15	1604	0	1607
ENSG00000283602.1	2	2	0
ENSG00000200235.1	0	0	0
ENSG00000251453.1	1	0	1
ENSG00000240518.2	0	0	0
ENSG00000170458.14	5	0	5
ENSG00000131495.9	340	38	541
ENSG00000113119.13	242	21	257
ENSG00000113141.18	4057	215	4044
ENSG00000284325.1	0	0	0
ENSG00000120314.18	1364	469	1861
ENSG00000256453.2	0	454	63
ENSG00000170445.16	3740	49	4114
ENSG00000112855.17	1394	1	1397
ENSG00000146007.11	1990	1	1990
ENSG00000199990.1	0	0	0
ENSG00000202111.1	0	0	0
ENSG00000202515.1	28	0	28
ENSG00000250515.1	0	0	0
ENSG00000248106.2	0	0	0
ENSG00000279726.2	1	15	13
ENSG00000204970.10	0	7	2
ENSG00000204969.7	16	16	0
ENSG00000255408.4	21	22	0
ENSG00000204967.12	29	11	19
ENSG00000204965.9	60	4	70
ENSG00000081842.18	14	8	8
ENSG00000204963.6	70	5	65
ENSG00000204962.6	6	0	6
ENSG00000204961.7	8	0	8
ENSG00000278907.1	0	0	0
ENSG00000250120.8	13	0	14
ENSG00000249504.3	0	0	0
ENSG00000278946.1	0	2	0
ENSG00000249158.7	0	0	0
ENSG00000251664.5	0	0	0
ENSG00000278915.1	0	0	0
ENSG00000278901.1	0	0	0
ENSG00000239389.8	0	0	0
ENSG00000248383.5	7	0	7
ENSG00000279028.1	0	0	0
ENSG00000243232.6	30	0	30
ENSG00000279047.4	0	42	0
ENSG00000171815.6	2	2	0
ENSG00000279558.1	0	0	0
ENSG00000112852.7	30	0	72
ENSG00000272154.5	0	8	0
ENSG00000113205.5	11	0	13
ENSG00000272108.1	1	0	1
ENSG00000081818.4	49	0	49
ENSG00000113209.9	2	1	1
ENSG00000280029.4	0	0	0
ENSG00000113211.5	7	0	7
ENSG00000255622.3	0	0	0
ENSG00000280336.1	0	0	0
ENSG00000113212.7	23	0	29
ENSG00000120322.4	5	0	5
ENSG00000279472.1	0	0	0
ENSG00000272674.3	23	0	33
ENSG00000279068.1	0	0	0
ENSG00000278936.1	0	10	0
ENSG00000177839.7	32	0	32
ENSG00000279375.1	3	3	0
ENSG00000120324.9	37	0	37
ENSG00000197479.7	16	0	16
ENSG00000120328.6	80	0	80
ENSG00000187372.11	26	0	26
ENSG00000120327.6	89	0	89
ENSG00000279983.1	0	0	0
ENSG00000146001.5	1	0	1
ENSG00000262096.2	5	1	4
ENSG00000113248.6	23	0	23
ENSG00000277795.1	0	0	0
ENSG00000178913.8	3079	1	3078
ENSG00000120329.7	2	0	2
ENSG00000288095.1	2	0	2
ENSG00000272070.1	4	0	4
ENSG00000204956.5	28	0	28
ENSG00000081853.15	3	0	3
ENSG00000254245.3	2	0	2
ENSG00000254221.2	11	0	13
ENSG00000280026.1	0	2	0
ENSG00000262576.3	6	0	6
ENSG00000253910.2	36	0	36
ENSG00000253485.2	5	0	5
ENSG00000262209.3	11	0	11
ENSG00000253731.3	37	0	37
ENSG00000253537.3	7	0	7
ENSG00000253953.3	0	0	0
ENSG00000253767.2	1	0	1
ENSG00000276547.1	0	0	0
ENSG00000261934.2	8	0	8
ENSG00000253305.2	3	0	3
ENSG00000253846.2	94	0	94
ENSG00000254122.3	43	0	43
ENSG00000253873.6	8	0	8
ENSG00000248449.2	2	0	5
ENSG00000279855.1	0	3	0
ENSG00000253159.3	3	0	3
ENSG00000276545.1	1	0	1
ENSG00000273557.1	0	0	0
ENSG00000240184.7	839	1	838
ENSG00000242020.3	1	0	1
ENSG00000242419.5	7	2	5
ENSG00000240764.4	8	0	8
ENSG00000131504.17	9071	1	9070
ENSG00000246422.2	1	1	0
ENSG00000240974.1	0	0	0
ENSG00000228737.2	3	139	1
ENSG00000171720.10	1440	1	1576
ENSG00000164620.9	61	37	133
ENSG00000197948.11	419	81	447
ENSG00000120318.16	1245	1	1244
ENSG00000286736.1	0	0	0
ENSG00000287527.1	0	0	0
ENSG00000278925.1	1	0	1
ENSG00000156453.14	299	0	299
ENSG00000287726.1	0	0	0
ENSG00000226040.3	11	0	11
ENSG00000081791.9	1281	0	1281
ENSG00000113555.6	28	26	2
ENSG00000271871.1	0	0	0
ENSG00000013561.18	1178	0	1213
ENSG00000254099.1	5	40	0
ENSG00000113552.16	1970	1	1969
ENSG00000250347.1	1	1	0
ENSG00000131507.11	1436	1	1435
ENSG00000280047.1	6	0	6
ENSG00000187678.10	990	2	988
ENSG00000277968.1	6	6	0
ENSG00000274721.1	7	7	0
ENSG00000231185.7	2	0	2
ENSG00000225147.1	0	0	0
ENSG00000113578.18	240	1	239
ENSG00000261757.1	0	0	0
ENSG00000236714.3	0	0	0
ENSG00000287203.1	0	0	0
ENSG00000145819.18	237	0	237
ENSG00000226272.5	0	0	0
ENSG00000285366.1	0	0	0
ENSG00000230789.1	0	0	0
ENSG00000113580.15	2903	1	2902
ENSG00000231579.3	14	0	14
ENSG00000279679.1	0	0	0
ENSG00000279130.1	2	0	2
ENSG00000249429.1	0	0	0
ENSG00000251205.3	0	0	0
ENSG00000253023.1	0	0	0
ENSG00000249881.1	0	0	0
ENSG00000266478.1	0	0	0
ENSG00000225869.4	4	0	4
ENSG00000158497.5	0	0	0
ENSG00000239390.3	0	0	0
ENSG00000145817.17	1212	0	1212
ENSG00000183775.11	3	0	3
ENSG00000249605.1	0	0	0
ENSG00000285605.1	0	0	0
ENSG00000250972.1	0	0	0
ENSG00000213488.4	0	0	0
ENSG00000201423.1	0	0	0
ENSG00000251031.2	0	0	0
ENSG00000249229.2	0	0	0
ENSG00000215325.4	0	0	0
ENSG00000250842.1	0	0	0
ENSG00000248125.2	2	2	0
ENSG00000186314.11	119	0	119
ENSG00000249363.1	3	0	3
ENSG00000204928.2	0	0	0
ENSG00000156463.18	633	2	632
ENSG00000248493.1	0	0	0
ENSG00000173261.9	41	3	47
ENSG00000251556.1	1	370	2
ENSG00000133706.19	7398	2	7759
ENSG00000239602.1	2	2	0
ENSG00000239317.1	4	2	2
ENSG00000275740.1	0	0	0
ENSG00000091009.8	862	0	862
ENSG00000238374.1	0	0	0
ENSG00000250025.2	0	0	0
ENSG00000091010.6	4	0	4
ENSG00000271724.1	0	0	0
ENSG00000248842.1	0	0	0
ENSG00000113649.11	4564	1	4563
ENSG00000277568.1	0	0	0
ENSG00000173250.2	2	2	0
ENSG00000250407.1	0	0	0
ENSG00000156475.18	13	0	13
ENSG00000280646.2	0	0	0
ENSG00000241291.3	0	0	0
ENSG00000248568.1	0	0	0
ENSG00000249553.1	0	0	0
ENSG00000286468.1	0	0	0
ENSG00000250343.1	0	0	0
ENSG00000169302.16	11	0	11
ENSG00000113657.13	3350	0	3350
ENSG00000272239.1	2	2	0
ENSG00000280780.2	0	12	0
ENSG00000176049.16	58	0	70
ENSG00000287630.1	2	1	1
ENSG00000164266.11	7	0	7
ENSG00000249518.1	0	0	0
ENSG00000164265.9	1	1	0
ENSG00000178776.5	35	0	35
ENSG00000248362.1	4	0	4
ENSG00000251320.1	17	17	0
ENSG00000250346.1	0	0	0
ENSG00000133710.16	0	0	0
ENSG00000247199.5	9	1	8
ENSG00000196800.6	0	0	0
ENSG00000178172.7	0	0	0
ENSG00000249503.1	0	0	0
ENSG00000248109.3	0	0	0
ENSG00000214510.10	1	0	1
ENSG00000249834.3	0	0	0
ENSG00000145879.11	0	0	0
ENSG00000204909.8	0	0	0
ENSG00000283653.1	0	0	0
ENSG00000145868.17	1710	1	1709
ENSG00000274799.1	0	0	0
ENSG00000251330.3	2	2	0
ENSG00000164270.18	0	0	0
ENSG00000253297.1	0	0	0
ENSG00000169252.6	203	0	203
ENSG00000169247.14	2785	0	2785
ENSG00000272411.1	0	0	0
ENSG00000251842.1	1	0	1
ENSG00000207714.3	0	0	0
ENSG00000250072.6	69	0	69
ENSG00000200161.1	0	0	0
ENSG00000173210.20	1938	1	2023
ENSG00000248647.2	0	0	0
ENSG00000253406.1	12	98	0
ENSG00000157510.14	402	0	402
ENSG00000285736.1	0	0	0
ENSG00000164284.15	1916	1	1982
ENSG00000253618.1	0	67	0
ENSG00000145882.11	53	0	53
ENSG00000127743.6	0	0	0
ENSG00000253865.1	0	0	0
ENSG00000249669.10	0	0	0
ENSG00000275871.1	0	0	0
ENSG00000284182.1	0	0	0
ENSG00000276365.1	0	0	0
ENSG00000113712.19	4837	1	4836
ENSG00000230551.4	405	0	405
ENSG00000241112.1	2	0	2
ENSG00000183111.12	12	0	12
ENSG00000222213.1	0	0	0
ENSG00000287323.1	0	0	0
ENSG00000221043.2	0	0	0
ENSG00000242928.3	0	0	0
ENSG00000155846.17	385	0	385
ENSG00000199047.3	0	0	0
ENSG00000132915.11	5	2	3
ENSG00000251583.1	5	0	5
ENSG00000200334.1	0	0	0
ENSG00000155850.8	2353	2	2354
ENSG00000164296.7	92	1	99
ENSG00000113716.13	1849	5	1849
ENSG00000248696.1	0	0	0
ENSG00000241907.1	4	4	0
ENSG00000182578.14	6	4	2
ENSG00000214485.6	2448	0	2448
ENSG00000199409.1	0	0	0
ENSG00000113721.14	5	0	5
ENSG00000113722.17	0	0	0
ENSG00000011083.9	0	0	0
ENSG00000070808.16	0	0	0
ENSG00000183876.9	25	0	25
ENSG00000070814.22	5967	9	6223
ENSG00000019582.15	8829	275	8819
ENSG00000286331.1	1	1	0
ENSG00000164587.13	9874	4	9870
ENSG00000254333.1	0	8	0
ENSG00000070614.15	5102	0	5110
ENSG00000171992.13	204	0	204
ENSG00000253852.1	0	0	0
ENSG00000286657.1	0	0	0
ENSG00000164591.14	2	0	2
ENSG00000250309.2	0	0	0
ENSG00000086589.12	2035	0	2035
ENSG00000132912.13	2575	0	2575
ENSG00000256235.2	120	0	120
ENSG00000237693.4	2	1	1
ENSG00000145908.12	471	3	468
ENSG00000197083.11	0	0	0
ENSG00000274235.1	0	0	0
ENSG00000277866.1	0	0	0
ENSG00000211445.12	44	35	9
ENSG00000145901.16	2101	0	2101
ENSG00000197043.14	2984	1	2983
ENSG00000254298.1	0	0	0
ENSG00000285420.1	0	0	0
ENSG00000198624.13	64	0	64
ENSG00000196743.9	622	1	621
ENSG00000186334.10	0	0	0
ENSG00000186335.9	0	0	0
ENSG00000270904.1	0	0	0
ENSG00000253897.2	0	0	0
ENSG00000253472.1	0	0	0
ENSG00000271494.1	0	0	0
ENSG00000123643.13	495	1	495
ENSG00000200227.1	0	0	0
ENSG00000086570.12	5	8	0
ENSG00000271795.1	10	0	12
ENSG00000276622.1	0	0	0
ENSG00000288081.1	0	0	0
ENSG00000260581.1	1	1	0
ENSG00000113140.11	16016	1	16029
ENSG00000249035.7	11	25	0
ENSG00000222102.1	0	0	0
ENSG00000272112.1	0	0	1
ENSG00000177556.12	1106	11	1104
ENSG00000253921.1	5	5	0
ENSG00000213433.5	8	0	8
ENSG00000275765.5	6	0	6
ENSG00000145907.16	16544	2	16552
ENSG00000145888.11	4	4	0
ENSG00000270978.1	0	0	0
ENSG00000222308.1	0	0	0
ENSG00000254226.6	0	0	0
ENSG00000286749.1	1	0	1
ENSG00000132911.5	4	0	4
ENSG00000242080.1	0	0	0
ENSG00000249484.9	2	0	2
ENSG00000155511.18	1	0	1
ENSG00000242976.3	0	0	0
ENSG00000251183.1	0	0	0
ENSG00000261382.1	0	0	0
ENSG00000055147.19	615	0	615
ENSG00000037749.12	1397	0	1397
ENSG00000164574.16	470	14	497
ENSG00000245275.8	36	58	20
ENSG00000253119.1	0	0	0
ENSG00000287695.1	0	0	0
ENSG00000221430.1	0	0	0
ENSG00000241963.3	0	0	0
ENSG00000164576.12	605	0	605
ENSG00000113196.3	0	0	0
ENSG00000254293.1	0	0	0
ENSG00000253886.1	0	0	0
ENSG00000253146.1	2	0	2
ENSG00000264760.1	0	0	0
ENSG00000221552.1	0	0	0
ENSG00000274472.1	0	0	0
ENSG00000155506.18	11393	7	11386
ENSG00000272197.2	0	0	0
ENSG00000241187.1	0	0	0
ENSG00000170271.11	55	74	0
ENSG00000277039.1	3	0	3
ENSG00000263361.1	1	0	1
ENSG00000155508.14	1206	0	1225
ENSG00000082516.9	2165	2	2163
ENSG00000082515.18	616	0	616
ENSG00000253261.1	0	0	0
ENSG00000226650.6	29	0	29
ENSG00000287963.1	0	0	0
ENSG00000253646.1	0	0	0
ENSG00000271477.1	0	0	0
ENSG00000270442.1	2	0	2
ENSG00000200275.1	0	0	0
ENSG00000170624.13	38	1	37
ENSG00000286690.1	0	0	0
ENSG00000253370.2	0	0	0
ENSG00000254163.1	0	0	0
ENSG00000199468.1	0	0	0
ENSG00000231989.5	57	0	57
ENSG00000145850.9	0	0	0
ENSG00000270560.1	0	0	0
ENSG00000113249.13	0	0	0
ENSG00000135077.9	0	0	0
ENSG00000254246.1	0	0	0
ENSG00000155868.8	308	0	308
ENSG00000113263.13	12	0	12
ENSG00000170613.4	0	0	0
ENSG00000253980.1	0	0	0
ENSG00000253653.1	0	3	0
ENSG00000055163.20	2145	6	2255
ENSG00000285868.1	1	106	1
ENSG00000172568.5	0	0	0
ENSG00000251405.3	6	0	6
ENSG00000248544.2	9	5	6
ENSG00000135074.16	1651	5	1651
ENSG00000253155.1	0	0	0
ENSG00000172548.14	10	1	9
ENSG00000253519.1	0	0	0
ENSG00000252068.1	0	0	0
ENSG00000254336.1	1	0	1
ENSG00000039600.11	0	0	0
ENSG00000187658.7	0	0	0
ENSG00000253798.2	0	0	0
ENSG00000113272.14	454	2	452
ENSG00000155858.6	444	0	444
ENSG00000253630.1	1	1	0
ENSG00000113282.14	4356	1	4355
ENSG00000206819.1	0	0	0
ENSG00000244331.1	5	0	5
ENSG00000222626.1	0	0	0
ENSG00000253743.1	0	0	0
ENSG00000213414.3	1	0	1
ENSG00000253422.1	0	0	0
ENSG00000253792.1	0	0	0
ENSG00000253673.1	0	0	0
ENSG00000254047.2	0	0	0
ENSG00000253449.1	0	0	0
ENSG00000253424.1	0	0	0
ENSG00000253134.1	0	0	0
ENSG00000276778.1	0	0	0
ENSG00000254350.1	0	0	0
ENSG00000272085.1	0	0	0
ENSG00000254135.3	0	0	0
ENSG00000164330.17	25	0	25
ENSG00000253811.1	0	0	0
ENSG00000253456.1	0	0	0
ENSG00000245812.3	0	0	0
ENSG00000279204.1	0	0	0
ENSG00000145860.12	2224	1	2224
ENSG00000253256.1	0	0	1
ENSG00000253315.1	0	0	0
ENSG00000252458.1	0	0	0
ENSG00000164332.8	1793	0	1793
ENSG00000249738.10	3	0	3
ENSG00000113302.5	0	0	0
ENSG00000221601.1	0	0	0
ENSG00000253298.2	3	3	0
ENSG00000283413.1	0	0	0
ENSG00000253311.3	1	1	0
ENSG00000170214.5	117	0	117
ENSG00000248626.1	17	3	14
ENSG00000199398.1	0	0	0
ENSG00000113312.11	2561	0	2561
ENSG00000223908.5	2	1	1
ENSG00000170234.13	624	13	611
ENSG00000170231.16	140	1	139
ENSG00000247699.2	0	0	0
ENSG00000253772.1	0	0	0
ENSG00000135083.16	786	0	786
ENSG00000254373.1	37	1	36
ENSG00000270612.1	0	0	0
ENSG00000145861.9	16	0	16
ENSG00000221886.4	102	0	102
ENSG00000164609.10	1849	0	1849
ENSG00000164611.13	2671	0	2671
ENSG00000253522.6	87	0	87
ENSG00000265237.1	0	0	0
ENSG00000283733.1	0	0	0
ENSG00000118322.14	12	0	12
ENSG00000253687.1	0	0	0
ENSG00000254391.1	0	0	0
ENSG00000253417.5	1	0	1
ENSG00000145864.14	101	0	101
ENSG00000145863.11	5	0	5
ENSG00000253403.1	0	0	0
ENSG00000118990.5	0	0	0
ENSG00000022355.18	3	0	3
ENSG00000280776.2	0	0	0
ENSG00000113327.17	1	0	1
ENSG00000254186.3	0	0	0
ENSG00000201474.1	0	0	0
ENSG00000254351.1	0	0	0
ENSG00000249449.1	0	0	0
ENSG00000250114.1	0	0	0
ENSG00000113328.19	4228	1	4228
ENSG00000170584.11	738	33	706
ENSG00000072571.20	2151	3	2326
ENSG00000251018.2	0	178	0
ENSG00000038274.17	1808	0	1808
ENSG00000285590.1	0	0	0
ENSG00000224012.3	0	0	0
ENSG00000251998.1	0	0	0
ENSG00000273569.1	0	0	0
ENSG00000271679.1	0	0	0
ENSG00000253331.1	0	0	0
ENSG00000253538.1	0	0	0
ENSG00000241956.10	0	0	0
ENSG00000253236.2	0	0	0
ENSG00000253600.1	0	0	0
ENSG00000206845.1	0	0	0
ENSG00000285549.1	0	0	0
ENSG00000254066.2	0	0	0
ENSG00000253693.1	0	0	0
ENSG00000252794.1	0	0	0
ENSG00000253512.1	0	0	0
ENSG00000253946.1	0	0	0
ENSG00000254252.1	0	0	0
ENSG00000254171.1	0	0	0
ENSG00000229119.3	556	0	556
ENSG00000254130.1	0	0	0
ENSG00000253713.1	0	0	0
ENSG00000253469.1	0	0	0
ENSG00000145934.16	57	0	57
ENSG00000254365.1	0	0	0
ENSG00000254297.1	0	0	0
ENSG00000253527.1	0	0	0
ENSG00000254187.1	0	0	0
ENSG00000253357.1	0	0	0
ENSG00000253660.1	0	0	0
ENSG00000253947.1	0	0	0
ENSG00000253065.1	0	0	0
ENSG00000253925.1	0	0	0
ENSG00000279739.1	0	0	0
ENSG00000253978.2	0	0	0
ENSG00000113645.15	1017	1	1016
ENSG00000113643.9	6296	2	6294
ENSG00000188573.8	0	0	0
ENSG00000120137.7	8909	1	8908
ENSG00000253861.1	0	0	0
ENSG00000199035.2	0	0	0
ENSG00000283612.1	0	0	0
ENSG00000233913.7	175	0	175
ENSG00000254192.1	0	1	0
ENSG00000184347.15	2	0	5
ENSG00000254042.2	1	2	1
ENSG00000207739.1	0	0	0
ENSG00000202345.1	0	0	0
ENSG00000248965.1	0	0	0
ENSG00000279752.1	0	0	0
ENSG00000248222.5	0	0	0
ENSG00000207619.1	0	0	0
ENSG00000206614.1	0	0	0
ENSG00000040275.17	2863	0	2863
ENSG00000134516.18	17	3	14
ENSG00000253269.1	0	0	0
ENSG00000204767.4	2205	0	2205
ENSG00000263831.1	0	0	0
ENSG00000168269.10	0	0	0
ENSG00000253219.1	0	0	0
ENSG00000249601.2	0	0	0
ENSG00000234511.10	0	0	0
ENSG00000043462.13	0	0	0
ENSG00000288615.1	0	0	0
ENSG00000235172.8	2	0	2
ENSG00000250274.2	0	0	0
ENSG00000182132.14	1	1	0
ENSG00000145936.9	0	0	0
ENSG00000253647.1	0	0	0
ENSG00000253858.1	0	0	0
ENSG00000253591.2	0	0	0
ENSG00000253348.1	0	0	0
ENSG00000094755.17	0	0	0
ENSG00000204764.14	159	0	159
ENSG00000244501.3	1	0	1
ENSG00000253966.1	1	0	1
ENSG00000253213.1	4	0	4
ENSG00000275038.2	0	0	0
ENSG00000164438.6	0	0	0
ENSG00000213393.5	0	0	0
ENSG00000265740.2	0	0	0
ENSG00000254256.1	5	0	5
ENSG00000206909.1	0	0	0
ENSG00000254012.1	192	0	192
ENSG00000264249.1	0	0	0
ENSG00000181163.14	37649	12	37637
ENSG00000156427.8	2	0	2
ENSG00000288639.1	0	0	0
ENSG00000285914.1	0	0	0
ENSG00000253110.1	0	0	0
ENSG00000185662.10	0	0	0
ENSG00000072803.17	3361	0	3361
ENSG00000072786.13	1392	1	1391
ENSG00000214360.5	0	0	0
ENSG00000168246.6	1166	0	1166
ENSG00000212529.1	0	0	0
ENSG00000253218.1	3	0	3
ENSG00000174705.13	562	0	562
ENSG00000287814.1	0	0	0
ENSG00000254299.3	0	0	0
ENSG00000280318.1	0	0	0
ENSG00000214357.9	234	0	264
ENSG00000253683.1	755	1	754
ENSG00000265160.1	0	0	0
ENSG00000253445.1	0	30	0
ENSG00000253295.2	0	0	0
ENSG00000213386.3	0	0	0
ENSG00000253736.3	1	0	1
ENSG00000120129.6	234	0	234
ENSG00000206741.1	0	0	0
ENSG00000270243.1	0	0	0
ENSG00000253628.2	0	0	0
ENSG00000113719.16	2741	0	2741
ENSG00000204758.8	7	6	6
ENSG00000254295.1	0	2	3
ENSG00000037241.7	683	0	683
ENSG00000253785.1	18	0	18
ENSG00000113732.9	1279	0	1279
ENSG00000254328.1	1	0	1
ENSG00000212402.1	1	0	1
ENSG00000207210.1	0	0	0
ENSG00000164463.12	389	0	389
ENSG00000253439.1	1	1	0
ENSG00000253172.1	0	0	0
ENSG00000113734.18	300	0	300
ENSG00000254200.1	0	0	0
ENSG00000183072.10	0	0	0
ENSG00000201277.1	0	0	0
ENSG00000252169.1	0	0	0
ENSG00000113739.10	4217	5	4212
ENSG00000274994.1	0	0	0
ENSG00000199219.1	0	0	0
ENSG00000253968.2	0	0	0
ENSG00000253141.2	0	0	0
ENSG00000253768.1	0	0	0
ENSG00000254164.1	0	0	0
ENSG00000253955.2	0	0	0
ENSG00000145919.11	1038	2	1036
ENSG00000253959.1	0	0	0
ENSG00000253428.1	0	0	0
ENSG00000253686.2	0	0	0
ENSG00000287003.1	0	0	0
ENSG00000254211.6	0	0	0
ENSG00000113742.14	960	0	960
ENSG00000185056.10	2	0	2
ENSG00000253109.1	0	0	0
ENSG00000170091.11	0	0	0
ENSG00000253244.1	0	0	0
ENSG00000253447.6	0	0	0
ENSG00000254011.1	0	0	0
ENSG00000249722.1	0	0	0
ENSG00000249306.6	6	0	6
ENSG00000213376.4	2	0	2
ENSG00000249031.1	3	0	3
ENSG00000250256.1	0	0	0
ENSG00000248929.1	0	0	0
ENSG00000120149.9	51	0	51
ENSG00000251670.1	0	0	0
ENSG00000266890.1	0	0	0
ENSG00000251144.1	1	0	1
ENSG00000204754.3	0	0	0
ENSG00000251122.1	1	0	1
ENSG00000248293.1	0	0	0
ENSG00000249403.1	0	0	0
ENSG00000248355.1	0	0	0
ENSG00000184845.4	0	0	0
ENSG00000286350.1	0	0	0
ENSG00000164466.13	2832	0	2832
ENSG00000270839.1	0	0	0
ENSG00000222111.1	0	0	0
ENSG00000113749.7	0	0	0
ENSG00000200648.1	0	0	0
ENSG00000145920.15	1	1	0
ENSG00000280068.1	0	0	0
ENSG00000250820.1	0	0	0
ENSG00000051596.10	139	0	139
ENSG00000250801.2	0	0	0
ENSG00000272494.1	0	0	0
ENSG00000250992.2	0	0	0
ENSG00000248469.1	0	0	0
ENSG00000182230.12	0	0	0
ENSG00000285476.1	0	0	0
ENSG00000251623.2	0	0	0
ENSG00000251458.1	0	0	0
ENSG00000283559.2	0	0	0
ENSG00000248596.8	0	0	0
ENSG00000287579.1	0	0	0
ENSG00000283235.2	3	0	3
ENSG00000270989.1	0	0	0
ENSG00000170085.18	430	1	429
ENSG00000251667.1	10	0	10
ENSG00000122203.15	2294	2	2447
ENSG00000250909.1	0	154	1
ENSG00000251414.1	20	19	1
ENSG00000175414.7	1347	365	1334
ENSG00000221464.1	0	0	0
ENSG00000048162.21	1472	127	1806
ENSG00000146066.3	415	7	517
ENSG00000175416.16	845	0	845
ENSG00000280139.1	0	0	0
ENSG00000113194.13	3525	0	3525
ENSG00000146083.12	1069	1	1068
ENSG00000074276.10	23	85	0
ENSG00000243959.3	0	0	0
ENSG00000207420.1	0	0	0
ENSG00000169258.7	928	0	990
ENSG00000074317.11	13	0	13
ENSG00000266329.1	0	0	0
ENSG00000175766.13	0	0	0
ENSG00000048140.18	777	0	777
ENSG00000248484.1	0	0	0
ENSG00000251446.1	0	0	0
ENSG00000248859.2	1	0	1
ENSG00000113763.12	5	0	5
ENSG00000160883.11	0	0	0
ENSG00000087206.17	1023	1	1022
ENSG00000113761.12	464	1	463
ENSG00000251666.1	9	0	9
ENSG00000160867.15	244	0	244
ENSG00000165671.21	2804	10	2797
ENSG00000286634.1	2	0	2
ENSG00000240729.1	3	0	3
ENSG00000270706.1	1	1	3
ENSG00000169228.14	44	1	43
ENSG00000213347.10	143	2681	139
ENSG00000169230.10	1024	3	3698
ENSG00000169223.15	2056	0	2056
ENSG00000239393.1	1	1	0
ENSG00000169220.18	157	0	157
ENSG00000131183.11	0	0	0
ENSG00000196570.3	0	0	0
ENSG00000131187.10	5	0	9
ENSG00000198055.11	502	75	444
ENSG00000246334.2	116	11	118
ENSG00000131188.12	134	4	130
ENSG00000113758.13	3513	0	3513
ENSG00000279821.1	82	1	81
ENSG00000196923.14	1387	3	1384
ENSG00000248996.1	15	18	0
ENSG00000146094.15	212	2	213
ENSG00000183258.12	1412	3	1409
ENSG00000146067.16	393	2	391
ENSG00000272459.1	3	0	3
ENSG00000184840.12	1741	0	1741
ENSG00000027847.14	263	0	263
ENSG00000247679.3	42	26	22
ENSG00000246596.7	7	1	12
ENSG00000249849.1	0	0	0
ENSG00000170074.19	0	0	0
ENSG00000249109.1	0	0	0
ENSG00000248943.1	0	0	0
ENSG00000170089.15	140	0	140
ENSG00000214351.5	0	0	0
ENSG00000249186.2	0	0	0
ENSG00000250101.1	0	0	0
ENSG00000249684.6	2	0	2
ENSG00000280207.1	0	0	0
ENSG00000249129.1	31	0	31
ENSG00000175325.2	1	0	1
ENSG00000204677.13	24	0	24
ENSG00000218227.3	0	0	0
ENSG00000145911.6	7	2	5
ENSG00000145916.19	567	754	501
ENSG00000145912.9	1033	36	1685
ENSG00000251211.1	0	0	0
ENSG00000244234.3	3	0	3
ENSG00000197451.12	4971	13	5557
ENSG00000175309.15	338	670	267
ENSG00000050767.17	0	0	0
ENSG00000271681.1	0	0	0
ENSG00000253698.1	0	0	0
ENSG00000242341.3	0	0	0
ENSG00000245688.1	0	0	0
ENSG00000113240.13	220	0	220
ENSG00000252464.1	0	0	0
ENSG00000286713.1	0	0	0
ENSG00000285891.1	0	0	0
ENSG00000285978.1	0	0	0
ENSG00000169131.13	174	0	174
ENSG00000250420.8	0	0	0
ENSG00000274813.1	0	0	0
ENSG00000253725.1	0	0	0
ENSG00000278441.1	0	0	0
ENSG00000178338.11	238	0	238
ENSG00000206624.1	0	0	0
ENSG00000198939.8	0	0	0
ENSG00000213328.3	0	0	0
ENSG00000253869.1	2	0	2
ENSG00000272431.1	0	0	0
ENSG00000178187.8	0	0	0
ENSG00000254035.1	0	0	0
ENSG00000113262.16	0	0	0
ENSG00000254158.1	0	0	0
ENSG00000234284.7	55	0	55
ENSG00000177932.7	721	5	833
ENSG00000253144.1	0	112	5
ENSG00000087116.16	9	0	9
ENSG00000253979.1	0	0	0
ENSG00000253163.1	0	0	0
ENSG00000253617.2	0	0	0
ENSG00000250674.1	0	0	0
ENSG00000274716.1	0	0	0
ENSG00000253652.1	0	0	0
ENSG00000251545.2	0	0	0
ENSG00000253520.1	0	0	0
ENSG00000176783.15	728	12	772
ENSG00000249140.1	0	0	0
ENSG00000244945.1	9	65	0
ENSG00000169045.17	21754	4	21750
ENSG00000273549.1	0	0	0
ENSG00000204661.9	0	0	0
ENSG00000228259.3	0	0	0
ENSG00000250999.2	11	1	10
ENSG00000204659.5	0	0	0
ENSG00000127022.15	18557	14	18543
ENSG00000225051.5	0	0	0
ENSG00000161021.13	1679	0	1679
ENSG00000213316.10	1	0	1
ENSG00000161013.17	2097	5	2103
ENSG00000221394.1	0	0	0
ENSG00000161011.20	2599	107	4580
ENSG00000161010.15	315	2076	322
ENSG00000222448.1	2	2	0
ENSG00000252202.1	0	0	0
ENSG00000245317.2	16	1	20
ENSG00000197226.13	2822	2	2820
ENSG00000113269.14	922	0	1093
ENSG00000242979.1	0	0	0
ENSG00000249876.1	0	0	0
ENSG00000249412.1	1	1	0
ENSG00000285865.1	0	171	0
ENSG00000198995.3	0	0	0
ENSG00000278965.1	0	0	0
ENSG00000253480.1	0	0	0
ENSG00000146090.16	0	0	0
ENSG00000229721.3	0	0	0
ENSG00000050748.18	1285	0	1285
ENSG00000253908.1	1	1	0
ENSG00000248367.1	8	0	8
ENSG00000131459.13	250	0	250
ENSG00000250509.2	0	0	0
ENSG00000200555.1	0	0	0
ENSG00000113300.13	1785	0	1785
ENSG00000250749.1	2	2	0
ENSG00000161055.4	0	0	0
ENSG00000037280.16	40	0	40
ENSG00000251352.1	0	0	0
ENSG00000248717.1	0	0	0
ENSG00000236791.2	0	0	0
ENSG00000199892.2	0	0	0
ENSG00000174339.2	0	0	0
ENSG00000131446.17	1395	5	1395
ENSG00000280161.1	1	1	5
ENSG00000278970.2	25	4	165
ENSG00000245060.8	45	140	133
ENSG00000286128.1	0	83	0
ENSG00000196670.14	761	0	761
ENSG00000113303.12	2	0	2
ENSG00000222852.1	0	0	0
ENSG00000243664.1	0	0	0
ENSG00000249287.1	0	0	0
ENSG00000248761.1	0	0	0
ENSG00000231228.4	1	0	1
ENSG00000168903.9	0	0	0
ENSG00000206686.1	0	0	0
ENSG00000165810.17	0	1	0
ENSG00000277912.1	0	0	0
ENSG00000241870.1	0	0	0
ENSG00000214295.4	0	0	0
ENSG00000248560.1	0	0	0
ENSG00000185372.3	0	0	0
ENSG00000182613.3	0	0	0
ENSG00000248473.2	0	0	0
ENSG00000250222.2	1	2	9
ENSG00000146054.18	123	14	134
ENSG00000250900.6	1	14	2
ENSG00000248514.1	2	0	2
ENSG00000286644.1	0	0	0
ENSG00000146063.20	921	11	1022
ENSG00000264732.1	0	0	0
ENSG00000247049.2	0	111	0
ENSG00000204628.12	32760	17	32755
ENSG00000272296.1	0	0	0
ENSG00000264549.1	0	0	0
ENSG00000233937.7	29	161	200
ENSG00000183718.5	382	274	429
ENSG00000248275.2	71	0	71
ENSG00000286310.1	0	0	0
ENSG00000248103.1	37	0	37
ENSG00000274525.1	4	0	4
ENSG00000222533.1	1	0	1
ENSG00000238035.8	19	0	19
ENSG00000274553.1	0	2	0
ENSG00000250765.6	1	0	3
ENSG00000230178.1	0	0	0
ENSG00000251035.1	0	0	0
ENSG00000213285.4	4	0	4
