N_unmapped	1352	1352	1352
N_multimapping	53262	53262	53262
N_noFeature	134023	1496491	139124
N_ambiguous	99345	290	48478
ENSG00000250020.1	0	0	0
ENSG00000153404.14	30	3	27
ENSG00000199540.1	0	0	0
ENSG00000185028.4	0	0	0
ENSG00000261434.1	0	0	0
ENSG00000164366.4	517	0	517
ENSG00000260774.1	19	0	19
ENSG00000073578.17	338	0	338
ENSG00000286001.1	0	0	2
ENSG00000248925.1	0	2	0
ENSG00000249915.8	262	0	262
ENSG00000288622.1	0	0	0
ENSG00000250848.1	22	22	0
ENSG00000063438.19	49	0	49
ENSG00000214278.4	4	4	0
ENSG00000250645.1	5	0	5
ENSG00000221990.4	65	0	65
ENSG00000180104.16	1845	191	1936
ENSG00000188242.4	1	1	0
ENSG00000066230.12	7	14	0
ENSG00000225138.8	53	0	60
ENSG00000250385.2	0	0	0
ENSG00000264233.1	0	0	0
ENSG00000249650.1	0	0	0
ENSG00000112877.8	182	1	183
ENSG00000171368.12	25	15	12
ENSG00000271781.1	24	0	24
ENSG00000206077.13	0	0	0
ENSG00000249908.2	1	1	0
ENSG00000285522.1	0	0	0
ENSG00000188818.12	32	0	32
ENSG00000247872.2	0	0	0
ENSG00000028310.18	1835	11	1824
ENSG00000071539.14	3541	0	3541
ENSG00000287600.1	20	19	1
ENSG00000248949.1	0	0	0
ENSG00000250173.1	0	0	0
ENSG00000215246.5	0	0	0
ENSG00000272347.1	0	0	0
ENSG00000145506.14	0	0	0
ENSG00000113504.21	378	0	378
ENSG00000263834.1	0	0	0
ENSG00000249201.2	0	0	0
ENSG00000174358.16	0	0	0
ENSG00000164363.10	0	0	0
ENSG00000287486.1	0	12	0
ENSG00000164362.21	54	0	66
ENSG00000263670.1	0	0	0
ENSG00000049656.14	4440	3	4437
ENSG00000286388.1	62	0	62
ENSG00000250584.3	0	0	0
ENSG00000248951.2	0	0	0
ENSG00000279908.1	0	0	0
ENSG00000142319.18	0	0	0
ENSG00000153395.10	1593	0	1593
ENSG00000273742.1	0	0	0
ENSG00000251532.1	0	0	0
ENSG00000185986.12	13	0	13
ENSG00000271119.1	7	7	0
ENSG00000248126.1	0	0	0
ENSG00000188002.10	44	0	44
ENSG00000232615.4	20	0	20
ENSG00000288549.1	0	0	0
ENSG00000263746.1	0	0	0
ENSG00000260066.1	0	0	0
ENSG00000171421.13	754	0	754
ENSG00000145494.12	869	0	869
ENSG00000249966.1	0	0	0
ENSG00000250417.1	0	0	0
ENSG00000279222.1	0	0	0
ENSG00000113430.10	0	0	0
ENSG00000249116.1	0	0	0
ENSG00000249326.1	0	0	0
ENSG00000288108.1	0	0	0
ENSG00000248994.2	0	0	0
ENSG00000248597.2	0	0	0
ENSG00000249731.1	0	0	0
ENSG00000201026.1	0	0	0
ENSG00000275733.1	0	0	0
ENSG00000281560.1	0	0	0
ENSG00000259757.1	0	0	0
ENSG00000170561.13	0	0	0
ENSG00000186493.13	0	0	0
ENSG00000249541.1	2	0	2
ENSG00000248137.1	0	0	0
ENSG00000248736.3	0	0	0
ENSG00000249808.3	0	0	0
ENSG00000248118.2	0	0	0
ENSG00000249830.1	0	0	0
ENSG00000250716.1	0	0	0
ENSG00000170549.4	0	0	0
ENSG00000259603.1	0	0	0
ENSG00000248962.1	0	0	0
ENSG00000249994.1	0	0	0
ENSG00000250921.2	0	0	0
ENSG00000260763.1	3	0	3
ENSG00000248973.3	0	0	0
ENSG00000231291.3	0	0	0
ENSG00000251371.1	0	0	0
ENSG00000249521.1	0	0	0
ENSG00000248311.1	0	0	0
ENSG00000249941.1	0	0	0
ENSG00000251506.1	0	0	0
ENSG00000250481.2	1	0	1
ENSG00000215231.8	0	0	0
ENSG00000251426.1	0	0	0
ENSG00000250529.1	0	0	0
ENSG00000223007.1	0	0	0
ENSG00000250579.2	0	0	0
ENSG00000145536.15	304	0	304
ENSG00000250866.1	0	0	0
ENSG00000251568.1	1	0	1
ENSG00000286753.1	17	0	17
ENSG00000248729.1	1	0	1
ENSG00000250808.1	3	0	3
ENSG00000251476.2	0	0	0
ENSG00000164151.12	5523	0	5523
ENSG00000286986.1	0	0	0
ENSG00000261037.1	1	0	1
ENSG00000259861.1	0	0	0
ENSG00000278913.1	0	0	0
ENSG00000250730.2	0	0	0
ENSG00000250490.1	0	0	0
ENSG00000133398.4	1171	1	1170
ENSG00000287031.1	0	0	0
ENSG00000215218.4	0	0	0
ENSG00000271230.1	0	0	0
ENSG00000250056.8	5	332	0
ENSG00000037474.15	6817	1	7143
ENSG00000145545.12	959	0	959
ENSG00000248677.2	1	1	0
ENSG00000112941.14	1736	0	1736
ENSG00000251365.4	46	0	46
ENSG00000272071.1	8	0	8
ENSG00000283420.1	0	0	0
ENSG00000250974.4	0	0	0
ENSG00000200243.1	0	0	0
ENSG00000250060.2	0	0	0
ENSG00000212258.1	0	0	0
ENSG00000287790.1	0	0	0
ENSG00000286254.1	0	0	0
ENSG00000237611.2	0	0	0
ENSG00000285689.1	0	0	0
ENSG00000248775.1	0	0	0
ENSG00000251250.3	0	0	0
ENSG00000205976.4	0	0	0
ENSG00000251678.1	0	0	0
ENSG00000250668.2	0	0	0
ENSG00000249638.1	0	0	0
ENSG00000249865.1	0	0	0
ENSG00000223597.3	0	0	0
ENSG00000078295.17	0	0	0
ENSG00000250761.2	0	0	0
ENSG00000215217.7	0	0	0
ENSG00000124275.15	2234	113	2231
ENSG00000124279.12	855	0	965
ENSG00000251168.1	0	0	0
ENSG00000199773.1	0	0	0
ENSG00000287947.1	0	0	0
ENSG00000280338.1	0	0	0
ENSG00000280251.1	0	0	0
ENSG00000249486.1	0	0	0
ENSG00000288002.1	13	0	13
ENSG00000245729.2	0	0	0
ENSG00000249159.6	0	0	0
ENSG00000251549.2	0	0	0
ENSG00000272049.1	0	0	0
ENSG00000247516.8	134	3	134
ENSG00000250037.1	0	0	0
ENSG00000279075.1	3	0	3
ENSG00000284000.1	0	0	0
ENSG00000249782.2	0	0	0
ENSG00000279097.1	0	0	0
ENSG00000279264.1	0	0	0
ENSG00000250389.1	0	0	0
ENSG00000248765.1	0	0	0
ENSG00000279002.1	0	0	0
ENSG00000280373.1	0	0	0
ENSG00000279125.1	0	0	0
ENSG00000280438.1	0	0	0
ENSG00000278877.1	0	0	0
ENSG00000260981.1	0	0	0
ENSG00000280185.1	0	0	0
ENSG00000250198.3	3	0	3
ENSG00000279635.1	0	0	0
ENSG00000250619.1	0	1	0
ENSG00000112902.12	18	0	19
ENSG00000266415.1	0	0	0
ENSG00000248537.1	0	0	0
ENSG00000279698.1	0	0	0
ENSG00000251370.1	0	0	0
ENSG00000250001.1	0	0	0
ENSG00000250786.2	0	0	0
ENSG00000239112.1	0	0	0
ENSG00000248525.2	0	0	0
ENSG00000169777.6	0	0	0
ENSG00000249781.7	0	0	0
ENSG00000222054.1	0	0	0
ENSG00000286556.1	0	0	0
ENSG00000250814.3	0	0	0
ENSG00000279011.1	0	0	0
ENSG00000279755.1	0	0	0
ENSG00000278874.1	0	0	0
ENSG00000280016.1	0	0	0
ENSG00000249807.1	0	0	0
ENSG00000280449.1	0	0	0
ENSG00000280368.1	0	0	0
ENSG00000260515.1	0	0	0
ENSG00000271998.1	0	0	0
ENSG00000272417.1	5	0	5
ENSG00000150756.14	448	3	448
ENSG00000248968.1	1	1	0
ENSG00000150753.12	19150	9	24417
ENSG00000271980.1	3	5275	4
ENSG00000271715.1	0	0	0
ENSG00000164237.9	0	0	0
ENSG00000252341.1	0	0	0
ENSG00000252671.1	0	0	0
ENSG00000280369.1	0	0	0
ENSG00000259802.1	13	0	13
ENSG00000145495.16	7609	3	7606
ENSG00000250600.1	0	0	0
ENSG00000145491.12	2	0	2
ENSG00000277073.1	0	0	0
ENSG00000246016.2	0	0	0
ENSG00000244361.1	0	0	0
ENSG00000249166.1	0	0	0
ENSG00000249396.2	0	0	0
ENSG00000249160.4	0	0	0
ENSG00000280017.1	0	0	0
ENSG00000279450.1	0	0	0
ENSG00000164236.12	521	0	561
ENSG00000250106.1	0	0	0
ENSG00000251196.1	0	40	0
ENSG00000251548.1	5	0	5
ENSG00000279979.1	0	0	0
ENSG00000278865.1	0	0	0
ENSG00000112977.16	7406	0	7418
ENSG00000272324.5	0	12	0
ENSG00000250576.1	0	0	0
ENSG00000169862.19	97	0	97
ENSG00000207312.1	0	0	0
ENSG00000212305.1	0	0	0
ENSG00000248783.1	5	0	5
ENSG00000248131.6	23	0	23
ENSG00000251112.2	3	3	0
ENSG00000249053.1	0	0	0
ENSG00000248457.1	0	0	0
ENSG00000248145.2	0	0	0
ENSG00000242608.1	0	0	0
ENSG00000248462.1	0	0	0
ENSG00000243744.2	2	0	2
ENSG00000039139.9	87	0	87
ENSG00000251423.3	0	0	0
ENSG00000038382.20	12723	2	12933
ENSG00000287581.1	1	213	0
ENSG00000145569.6	315	0	315
ENSG00000248791.1	2	0	2
ENSG00000250526.1	13	0	13
ENSG00000250182.3	10915	1	10914
ENSG00000261360.1	8	0	8
ENSG00000154124.5	1662	0	1663
ENSG00000154122.14	2635	265	2371
ENSG00000286970.1	11	2	9
ENSG00000249485.1	8	0	8
ENSG00000264792.1	0	0	0
ENSG00000272057.1	1	0	1
ENSG00000249928.2	0	0	0
ENSG00000250662.1	0	0	0
ENSG00000250247.1	0	0	0
ENSG00000286441.1	0	0	0
ENSG00000202269.1	0	0	0
ENSG00000249332.2	0	0	0
ENSG00000248834.2	0	0	0
ENSG00000286377.1	0	0	0
ENSG00000248699.1	0	0	0
ENSG00000183580.10	428	0	428
ENSG00000250250.2	0	0	0
ENSG00000216077.3	0	0	0
ENSG00000222312.1	0	0	0
ENSG00000183654.9	5	0	5
ENSG00000250981.1	0	0	0
ENSG00000250448.1	0	0	0
ENSG00000248403.1	0	0	0
ENSG00000248150.1	0	0	0
ENSG00000249737.1	0	0	0
ENSG00000173545.5	1230	0	1230
ENSG00000154153.13	240	11	230
ENSG00000246214.2	6	18	0
ENSG00000250415.1	0	0	0
ENSG00000201370.1	0	0	0
ENSG00000145555.15	445	1	455
ENSG00000253093.1	0	0	0
ENSG00000243538.1	9	0	9
ENSG00000201436.1	0	0	0
ENSG00000176788.9	1868	35	1833
ENSG00000215196.5	3	0	3
ENSG00000271892.1	0	0	0
ENSG00000206814.1	0	0	0
ENSG00000251990.1	0	0	0
ENSG00000250816.1	0	0	0
ENSG00000252908.1	0	0	0
ENSG00000185296.8	0	0	0
ENSG00000201715.1	0	0	0
ENSG00000223361.5	1469	0	1635
ENSG00000248223.1	0	166	0
ENSG00000249199.2	0	0	0
ENSG00000250822.1	0	0	0
ENSG00000248455.6	0	0	0
ENSG00000249662.6	0	0	0
ENSG00000268799.4	0	0	0
ENSG00000250667.1	0	0	0
ENSG00000284373.1	0	0	0
ENSG00000248205.1	0	0	0
ENSG00000249620.1	0	0	0
ENSG00000284439.1	0	0	0
ENSG00000284283.1	0	0	0
ENSG00000284234.1	0	0	0
ENSG00000284042.1	0	0	0
ENSG00000284465.1	0	0	0
ENSG00000250088.1	0	0	0
ENSG00000283967.1	0	0	0
ENSG00000283988.1	0	0	0
ENSG00000284356.1	0	0	0
ENSG00000248422.1	0	0	0
ENSG00000249282.1	0	0	0
ENSG00000283740.1	0	0	0
ENSG00000249156.2	0	0	0
ENSG00000271296.1	0	0	0
ENSG00000250351.1	0	0	0
ENSG00000250386.1	0	0	0
ENSG00000283776.1	0	0	0
ENSG00000250782.1	0	0	0
ENSG00000248471.2	0	0	0
ENSG00000248160.1	0	0	0
ENSG00000248542.2	0	0	0
ENSG00000248337.1	0	0	0
ENSG00000269466.4	0	0	0
ENSG00000274832.1	0	0	0
ENSG00000250715.1	0	0	0
ENSG00000249937.8	1	0	1
ENSG00000240785.2	1	0	1
ENSG00000212278.1	0	0	0
ENSG00000241552.3	0	0	0
ENSG00000248693.1	0	0	0
ENSG00000249191.1	0	0	0
ENSG00000249927.1	0	0	0
ENSG00000249285.1	0	0	0
ENSG00000276764.1	0	0	0
ENSG00000249174.1	0	0	0
ENSG00000251487.1	0	0	0
ENSG00000242654.1	0	0	0
ENSG00000249557.2	0	0	0
ENSG00000145526.12	15	0	15
ENSG00000248766.2	0	0	0
ENSG00000214132.4	22	0	22
ENSG00000249854.3	0	0	0
ENSG00000249490.2	0	0	0
ENSG00000251629.7	0	0	0
ENSG00000248308.1	0	0	0
ENSG00000286751.1	0	0	0
ENSG00000248286.1	0	0	0
ENSG00000249359.3	0	0	0
ENSG00000183666.17	270	0	270
ENSG00000233974.3	0	0	0
ENSG00000279107.1	0	0	0
ENSG00000272130.1	1	0	1
ENSG00000253766.1	0	0	0
ENSG00000154162.15	0	0	0
ENSG00000213430.6	673	0	673
ENSG00000253104.1	0	0	0
ENSG00000168967.14	0	0	0
ENSG00000287471.1	0	0	0
ENSG00000249206.2	0	0	0
ENSG00000286961.1	0	0	0
ENSG00000249404.1	0	0	0
ENSG00000250319.1	0	0	0
ENSG00000206912.1	0	0	0
ENSG00000250332.1	48	2	46
ENSG00000249289.1	0	0	0
ENSG00000164256.11	0	0	0
ENSG00000248591.1	0	0	0
ENSG00000249607.1	0	0	0
ENSG00000248874.5	0	0	0
ENSG00000252083.1	0	0	0
ENSG00000234865.3	0	0	0
ENSG00000200600.1	0	0	0
ENSG00000286134.2	0	0	0
ENSG00000226432.3	10	0	10
ENSG00000250694.1	0	0	0
ENSG00000277455.1	0	0	0
ENSG00000287199.1	0	0	0
ENSG00000040731.10	20	0	20
ENSG00000251294.1	0	0	0
ENSG00000249562.1	0	0	0
ENSG00000286454.1	0	0	0
ENSG00000250099.1	0	0	0
ENSG00000286238.1	0	0	0
ENSG00000248156.2	0	0	0
ENSG00000223004.1	0	0	0
ENSG00000248908.1	0	0	0
ENSG00000250524.1	0	0	0
ENSG00000199911.1	0	0	0
ENSG00000251273.4	0	0	33
ENSG00000245662.4	964	1313	0
ENSG00000285042.1	0	0	316
ENSG00000251654.2	0	0	0
ENSG00000260761.1	0	0	0
ENSG00000279671.1	0	0	0
ENSG00000248605.5	0	0	0
ENSG00000279531.1	0	0	0
ENSG00000201016.1	0	0	0
ENSG00000279869.1	0	0	0
ENSG00000251593.1	141	0	141
ENSG00000286625.1	10	0	10
ENSG00000222560.1	0	0	0
ENSG00000249099.1	0	0	0
ENSG00000286204.1	0	0	0
ENSG00000230571.2	0	0	0
ENSG00000248426.1	0	0	0
ENSG00000250703.1	0	0	0
ENSG00000251033.1	0	0	0
ENSG00000249616.1	0	0	0
ENSG00000113100.10	0	0	0
ENSG00000207261.1	0	0	0
ENSG00000250337.7	16	0	16
ENSG00000248490.2	0	0	0
ENSG00000250079.1	0	0	0
ENSG00000249785.3	0	0	0
ENSG00000250453.2	0	0	0
ENSG00000286432.1	0	0	0
ENSG00000252867.1	0	0	0
ENSG00000270495.1	0	0	0
ENSG00000259786.7	0	0	0
ENSG00000271035.1	0	0	0
ENSG00000162685.6	0	0	0
ENSG00000226400.2	0	0	0
ENSG00000277878.1	0	0	0
ENSG00000249226.1	0	0	0
ENSG00000252601.1	0	0	0
ENSG00000248687.2	0	0	0
ENSG00000270430.1	0	0	0
ENSG00000286182.1	0	0	0
ENSG00000248391.6	0	0	0
ENSG00000276098.1	0	0	0
ENSG00000248418.2	0	0	0
ENSG00000250984.1	0	0	0
ENSG00000249744.1	0	0	0
ENSG00000233787.3	0	0	0
ENSG00000223136.1	0	0	0
ENSG00000280305.1	0	0	0
ENSG00000250587.2	0	0	0
ENSG00000250118.1	3	0	3
ENSG00000287176.1	0	0	0
ENSG00000287940.1	0	0	0
ENSG00000241668.2	0	0	0
ENSG00000253940.1	0	0	0
ENSG00000254138.1	0	0	0
ENSG00000113361.13	66	0	66
ENSG00000250482.3	0	0	0
ENSG00000113360.16	4146	1	4145
ENSG00000206682.1	0	0	0
ENSG00000082213.18	2410	0	2410
ENSG00000279923.1	10	0	10
ENSG00000199765.1	0	0	0
ENSG00000133401.16	41	5	36
ENSG00000248624.1	0	0	0
ENSG00000248878.1	0	0	0
ENSG00000249114.1	0	0	0
ENSG00000248813.1	0	0	0
ENSG00000248378.1	0	0	0
ENSG00000250164.1	0	0	0
ENSG00000249688.1	0	0	0
ENSG00000252373.1	0	0	0
ENSG00000224282.3	0	0	0
ENSG00000251887.2	0	0	0
ENSG00000241739.1	1	0	1
ENSG00000243914.1	0	0	0
ENSG00000214108.4	0	0	0
ENSG00000249774.1	0	0	0
ENSG00000266243.1	0	0	0
ENSG00000250764.1	0	0	0
ENSG00000113384.14	2359	0	2359
ENSG00000200065.1	0	0	0
ENSG00000272086.1	3	0	3
ENSG00000230829.3	3	0	3
ENSG00000150712.11	1544	0	1544
ENSG00000199731.1	0	0	0
ENSG00000207052.1	0	0	0
ENSG00000056097.16	6685	2	6683
ENSG00000207956.1	0	0	0
ENSG00000249142.1	6	0	6
ENSG00000113387.12	4446	2	4444
ENSG00000250885.1	0	0	0
ENSG00000286741.1	0	0	0
ENSG00000113389.16	17	0	17
ENSG00000251062.1	9	2	7
ENSG00000250697.2	2	0	2
ENSG00000248279.5	0	0	0
ENSG00000249102.3	3	3	0
ENSG00000251281.1	4	0	4
ENSG00000250672.1	0	0	0
ENSG00000240376.1	29	0	29
ENSG00000251443.2	0	0	0
ENSG00000288579.1	0	0	0
ENSG00000249572.1	29	0	29
ENSG00000113407.14	13618	3	13615
ENSG00000249360.1	2	0	2
ENSG00000250583.1	0	0	0
ENSG00000151388.11	1254	1	1253
ENSG00000201623.1	0	0	0
ENSG00000182631.7	0	0	0
ENSG00000164175.15	7	0	7
ENSG00000250914.1	0	0	0
ENSG00000242110.8	20	0	20
ENSG00000273294.1	0	0	0
ENSG00000250767.1	0	0	0
ENSG00000082196.21	37	0	37
ENSG00000278900.1	1	0	1
ENSG00000279995.1	0	0	0
ENSG00000271771.1	0	0	0
ENSG00000215158.9	99	0	99
ENSG00000215156.5	6	6	0
ENSG00000286543.1	0	0	0
ENSG00000249380.1	0	0	0
ENSG00000271874.1	0	0	0
ENSG00000039560.14	5774	6	5773
ENSG00000250234.1	0	5	0
ENSG00000272323.1	13	0	19
ENSG00000205838.14	4	6	4
ENSG00000250140.1	0	0	0
ENSG00000241829.1	0	0	0
ENSG00000113456.19	1993	267	1980
ENSG00000113460.13	3283	6	3531
ENSG00000168724.17	2374	1	2373
ENSG00000113492.14	0	0	0
ENSG00000113494.17	5	0	5
ENSG00000250886.1	0	0	0
ENSG00000201368.2	0	0	0
ENSG00000152582.14	97	0	97
ENSG00000238441.1	0	0	0
ENSG00000248969.1	0	0	0
ENSG00000168685.15	112	0	112
ENSG00000279737.1	0	0	0
ENSG00000248349.1	0	0	0
ENSG00000152611.12	3	0	3
ENSG00000249748.1	0	0	0
ENSG00000145626.12	0	0	0
ENSG00000168671.10	0	0	0
ENSG00000251591.2	0	0	0
ENSG00000164187.7	1253	0	1253
ENSG00000207756.1	0	0	0
ENSG00000145604.17	5103	123	5135
ENSG00000201223.1	0	0	0
ENSG00000152620.13	703	50	808
ENSG00000245711.2	4	4	0
ENSG00000164188.9	1	1	0
ENSG00000287634.1	0	0	0
ENSG00000222178.1	0	0	0
ENSG00000242292.2	0	0	0
ENSG00000079215.14	711	0	711
ENSG00000274441.1	1	1	0
ENSG00000250155.2	1	4	0
ENSG00000279400.1	19	0	22
ENSG00000272103.2	9	0	9
ENSG00000285967.1	677	2	675
ENSG00000164190.19	5839	7	5832
ENSG00000249850.1	3	0	3
ENSG00000244073.1	3	1	2
ENSG00000197603.15	645	0	645
ENSG00000271378.1	0	0	0
ENSG00000228212.1	4	0	4
ENSG00000242493.3	0	0	0
ENSG00000286193.2	6	0	6
ENSG00000270558.1	57	0	57
ENSG00000113569.16	8273	3	8270
ENSG00000251880.1	7	7	0
ENSG00000250455.1	0	0	0
ENSG00000082068.9	1109	0	1109
ENSG00000248216.1	0	0	0
ENSG00000222743.1	0	0	0
ENSG00000206743.1	1	1	0
ENSG00000248587.8	45	315	34
ENSG00000168621.15	1365	1	1668
ENSG00000248539.1	0	0	0
ENSG00000250032.1	0	0	0
ENSG00000251518.1	0	0	0
ENSG00000248533.1	0	0	0
ENSG00000248461.3	14	0	14
ENSG00000276332.1	0	0	0
ENSG00000164318.18	0	0	0
ENSG00000248730.1	0	0	0
ENSG00000249071.2	0	0	0
ENSG00000248572.6	0	0	0
ENSG00000249491.1	0	0	0
ENSG00000248234.1	0	0	0
ENSG00000251257.2	2	0	2
ENSG00000113594.10	602	2	604
ENSG00000244968.7	0	2	5
ENSG00000265304.1	0	3	0
ENSG00000251189.1	0	0	0
ENSG00000249740.3	13	0	13
ENSG00000248577.1	0	0	0
ENSG00000250629.1	1	1	0
ENSG00000145623.13	2683	91	2682
ENSG00000164327.13	2441	4	2527
ENSG00000249089.1	0	0	0
ENSG00000286809.1	0	0	0
ENSG00000082074.19	74	0	74
ENSG00000251215.1	2	0	2
ENSG00000113600.11	1	0	1
ENSG00000153071.15	1281	2	1279
ENSG00000271334.6	25	0	25
ENSG00000251515.1	0	0	0
ENSG00000250492.1	146	0	146
ENSG00000248651.1	0	0	0
ENSG00000250048.2	0	0	0
ENSG00000249668.1	0	0	0
ENSG00000250585.3	0	0	0
ENSG00000199361.1	0	0	0
ENSG00000287597.1	0	0	0
ENSG00000283286.1	0	0	0
ENSG00000285552.1	0	0	0
ENSG00000285616.1	0	0	0
ENSG00000113638.14	752	3	749
ENSG00000199552.1	1	1	0
ENSG00000171522.6	53	0	53
ENSG00000132356.11	4425	1	4424
ENSG00000212567.1	0	0	0
ENSG00000145592.14	18897	0	18897
ENSG00000212296.1	9	0	9
ENSG00000132357.14	112	0	112
ENSG00000112936.19	0	0	0
ENSG00000253098.1	0	0	0
ENSG00000248120.1	0	0	0
ENSG00000171495.17	0	0	0
ENSG00000039537.14	0	0	0
ENSG00000182836.10	0	0	0
ENSG00000251478.1	1	0	1
ENSG00000083720.13	2601	3	2626
ENSG00000286164.1	0	0	0
ENSG00000248668.3	7	27	7
ENSG00000240281.2	0	0	0
ENSG00000205765.9	2097	1	2097
ENSG00000151876.13	208	0	208
ENSG00000239694.1	0	0	0
ENSG00000199487.1	0	0	0
ENSG00000249266.1	1	0	1
ENSG00000260786.1	0	0	0
ENSG00000112964.14	311	0	311
ENSG00000248873.1	560	0	560
ENSG00000250860.1	0	0	0
ENSG00000270513.1	0	0	0
ENSG00000198865.10	7	1	11
ENSG00000250722.6	0	4	3
ENSG00000272234.1	0	2	0
ENSG00000286271.2	0	0	0
ENSG00000249092.1	1	0	1
ENSG00000251163.1	0	0	0
ENSG00000251656.1	0	0	0
ENSG00000249516.1	0	0	0
ENSG00000250711.1	0	0	0
ENSG00000287263.1	1	0	1
ENSG00000286656.1	6	6	0
ENSG00000271788.1	0	0	0
ENSG00000177738.4	181	36	150
ENSG00000251131.2	12	16	1
ENSG00000272382.1	6	6	0
ENSG00000177721.4	25	4	25
ENSG00000215068.8	161	12	153
ENSG00000272144.1	6	0	6
ENSG00000172262.11	1690	0	1690
ENSG00000278487.1	38	0	38
ENSG00000177453.7	22	0	22
ENSG00000249779.1	0	0	0
ENSG00000249888.1	2	0	2
ENSG00000247763.2	3	0	3
ENSG00000112972.15	3337	2	4286
ENSG00000261604.1	0	949	2
ENSG00000188850.9	3	0	3
ENSG00000151882.11	346	0	346
ENSG00000151881.15	509	0	509
ENSG00000249492.2	43	103	5
ENSG00000172244.9	267	1	331
ENSG00000249855.1	3156	0	3156
ENSG00000248554.1	0	0	0
ENSG00000248240.1	2	0	2
ENSG00000172239.14	2838	2	2836
ENSG00000248092.8	694	15	717
ENSG00000279557.1	17	0	17
ENSG00000249286.1	0	0	0
ENSG00000112992.18	2435	24	2447
ENSG00000224993.3	22	0	22
ENSG00000249276.1	0	0	0
ENSG00000212561.1	0	0	0
ENSG00000070193.5	0	0	0
ENSG00000248464.1	0	0	0
ENSG00000249203.2	0	0	0
ENSG00000250418.1	0	0	0
ENSG00000263556.2	0	0	0
ENSG00000251141.6	30	0	30
ENSG00000248779.1	0	0	0
ENSG00000112996.11	2314	0	2314
ENSG00000272335.1	258	0	258
ENSG00000248148.1	0	0	0
ENSG00000287540.1	0	0	0
ENSG00000164588.8	1	0	1
ENSG00000250422.1	0	0	0
ENSG00000250017.1	0	0	0
ENSG00000250122.1	0	0	0
ENSG00000170571.12	3657	0	3657
ENSG00000271455.1	0	0	0
ENSG00000213956.4	1	0	1
ENSG00000271752.1	0	0	0
ENSG00000151883.19	1123	13	1110
ENSG00000249405.1	0	0	0
ENSG00000270830.1	0	0	0
ENSG00000251601.1	0	0	0
ENSG00000250360.1	0	0	0
ENSG00000251573.2	0	0	0
ENSG00000248918.2	0	0	0
ENSG00000207060.1	0	0	0
ENSG00000278734.1	0	0	0
ENSG00000206606.1	0	0	0
ENSG00000240627.1	1	0	1
ENSG00000259663.2	10	0	10
ENSG00000016082.15	103	0	103
ENSG00000249338.1	0	0	0
ENSG00000248891.2	0	0	0
ENSG00000288035.1	0	0	0
ENSG00000251125.1	0	0	0
ENSG00000251873.1	0	0	0
ENSG00000249270.1	0	0	0
ENSG00000279470.1	0	0	0
ENSG00000248789.5	0	0	0
ENSG00000244621.1	0	0	0
ENSG00000250827.1	0	0	0
ENSG00000248898.3	0	0	0
ENSG00000152684.11	1013	2	1011
ENSG00000213949.10	315	0	339
ENSG00000288539.1	0	0	0
ENSG00000251237.1	0	0	0
ENSG00000241809.1	0	0	0
ENSG00000249899.6	0	24	0
ENSG00000164171.11	2344	4	2340
ENSG00000286048.1	2	0	2
ENSG00000272123.1	3	2	1
ENSG00000164172.20	1611	9	1611
ENSG00000247796.3	60	0	69
ENSG00000213940.4	1	0	1
ENSG00000285831.1	0	0	0
ENSG00000240052.1	0	0	0
ENSG00000134363.12	319	0	319
ENSG00000164258.12	1084	2	1082
ENSG00000250447.6	0	0	0
ENSG00000217791.4	0	0	0
ENSG00000272416.1	10	0	10
ENSG00000185305.11	659	0	659
ENSG00000287087.1	3	3	0
ENSG00000222960.1	0	0	0
ENSG00000207627.1	0	0	0
ENSG00000241230.3	0	0	0
ENSG00000265421.1	0	0	0
ENSG00000279638.1	0	0	0
ENSG00000249069.8	0	0	0
ENSG00000251597.1	0	0	0
ENSG00000169271.3	0	0	0
ENSG00000178996.14	1145	0	1145
ENSG00000280159.1	0	0	0
ENSG00000287367.1	0	0	0
ENSG00000232517.2	0	0	0
ENSG00000226810.3	9	0	9
ENSG00000249843.1	0	0	0
ENSG00000249016.1	0	0	0
ENSG00000164283.13	26	0	26
ENSG00000240535.8	0	0	0
ENSG00000113088.6	0	0	0
ENSG00000207229.1	0	0	0
ENSG00000251376.1	0	0	0
ENSG00000248029.2	0	0	0
ENSG00000249454.1	0	0	0
ENSG00000145649.8	0	0	0
ENSG00000164287.13	5	0	5
ENSG00000164294.14	2295	0	2295
ENSG00000198983.1	0	0	0
ENSG00000207728.1	0	0	0
ENSG00000251856.1	0	0	0
ENSG00000234602.9	103	0	103
ENSG00000152669.9	28	3	25
ENSG00000251307.1	4	84	2
ENSG00000067248.10	2345	0	2427
ENSG00000039123.16	5363	75	5675
ENSG00000271410.1	0	0	0
ENSG00000067113.17	116	335	168
ENSG00000279883.1	0	0	0
ENSG00000265135.1	0	0	0
ENSG00000250853.1	1	0	1
ENSG00000249410.1	0	0	0
ENSG00000177058.12	771	0	771
ENSG00000152670.19	0	0	0
ENSG00000251368.1	0	0	0
ENSG00000199322.1	0	0	0
ENSG00000248854.1	0	0	0
ENSG00000164509.15	1074	1	1073
ENSG00000134352.20	6857	7	7759
ENSG00000262211.1	0	908	1
ENSG00000264281.3	0	0	0
ENSG00000249236.2	0	1	0
ENSG00000227908.3	7	0	7
ENSG00000238326.1	0	0	0
ENSG00000164512.18	16	10	7
ENSG00000253032.1	0	0	0
ENSG00000243592.1	0	0	0
ENSG00000223003.1	0	0	0
ENSG00000251435.1	0	0	0
ENSG00000212265.1	0	0	0
ENSG00000248781.1	4	0	4
ENSG00000210678.1	0	0	0
ENSG00000249697.1	0	0	0
ENSG00000250787.1	0	0	0
ENSG00000248727.6	3	0	3
ENSG00000285997.1	0	0	0
ENSG00000226221.1	82	0	82
ENSG00000225940.7	0	0	0
ENSG00000234553.1	0	0	0
ENSG00000228650.2	0	0	0
ENSG00000095015.6	777	0	808
ENSG00000237705.1	0	31	0
ENSG00000225230.1	5	11	0
ENSG00000155542.12	280	5	281
ENSG00000155545.20	1421	45	1448
ENSG00000271828.1	23	59	1
ENSG00000235635.1	0	35	0
ENSG00000233943.1	0	0	0
ENSG00000248652.2	0	0	0
ENSG00000250480.3	0	0	0
ENSG00000207293.1	0	0	0
ENSG00000062194.16	2560	1	2559
ENSG00000248586.2	1	0	1
ENSG00000250961.2	2	0	2
ENSG00000250308.2	0	0	0
ENSG00000169067.4	1	0	1
ENSG00000249436.2	0	0	0
ENSG00000287709.1	0	0	0
ENSG00000249198.1	0	0	0
ENSG00000249584.1	0	0	0
ENSG00000248132.3	11	17	0
ENSG00000286853.1	64	0	70
ENSG00000248271.1	0	0	0
ENSG00000145632.15	6682	0	6682
ENSG00000175857.8	0	0	0
ENSG00000271257.1	0	0	0
ENSG00000265699.1	0	0	0
ENSG00000250127.1	1	0	1
ENSG00000152932.8	0	0	0
ENSG00000248475.5	0	0	0
ENSG00000240412.1	0	0	0
ENSG00000248733.1	0	0	0
ENSG00000113448.19	1169	0	1169
ENSG00000247345.2	0	0	0
ENSG00000276214.1	0	0	0
ENSG00000251306.1	0	0	0
ENSG00000202601.4	0	0	0
ENSG00000248935.1	0	0	0
ENSG00000202017.1	0	0	0
ENSG00000213896.4	0	0	0
ENSG00000214244.4	299	0	299
ENSG00000273701.1	0	0	0
ENSG00000152931.9	2	2	0
ENSG00000275634.1	0	0	0
ENSG00000276233.1	0	0	0
ENSG00000035499.13	1698	0	1707
ENSG00000251303.1	2	2	0
ENSG00000287434.1	0	9	0
ENSG00000250148.1	0	0	0
ENSG00000164181.14	504	0	504
ENSG00000049167.15	772	0	847
ENSG00000215032.2	5	0	5
ENSG00000233847.1	0	75	0
ENSG00000164182.12	621	165	456
ENSG00000279985.1	3	3	0
ENSG00000276945.1	3	0	3
ENSG00000188725.8	3578	10	3698
ENSG00000251279.1	3	133	0
ENSG00000249279.6	15	1	14
ENSG00000130449.6	1378	0	1378
ENSG00000251682.1	0	0	0
ENSG00000250461.1	0	0	0
ENSG00000213891.3	3	0	3
ENSG00000178722.13	0	0	0
ENSG00000248529.5	0	0	0
ENSG00000212215.1	0	0	0
ENSG00000251575.3	0	0	0
ENSG00000249878.1	0	0	0
ENSG00000248199.2	0	0	0
ENSG00000251983.1	0	0	0
ENSG00000068796.19	3267	733	4363
ENSG00000288643.1	0	0	0
ENSG00000086189.10	647	1131	1345
ENSG00000086200.17	1930	0	1930
ENSG00000199279.1	0	0	0
ENSG00000268942.2	287	0	287
ENSG00000241991.1	0	0	0
ENSG00000240436.1	0	0	0
ENSG00000186105.8	0	0	0
ENSG00000217416.4	106	0	106
ENSG00000249579.2	0	0	0
ENSG00000248185.1	2	0	2
ENSG00000287179.1	0	0	0
ENSG00000178394.5	0	0	0
ENSG00000248285.1	0	0	0
ENSG00000164197.12	184	0	184
ENSG00000236068.2	0	0	0
ENSG00000186479.5	4	0	4
ENSG00000242547.3	0	0	0
ENSG00000201869.1	0	0	0
ENSG00000224296.3	0	0	0
ENSG00000145642.12	4	27	2
ENSG00000153006.16	2087	2	2110
ENSG00000153015.16	1497	0	1497
ENSG00000272370.1	14	0	14
ENSG00000272354.1	8	0	8
ENSG00000207439.1	0	0	0
ENSG00000049192.15	2625	2	2623
ENSG00000248288.1	9	8	1
ENSG00000250732.1	2	0	2
ENSG00000205644.5	0	0	0
ENSG00000250081.1	20	0	20
ENSG00000123219.13	1501	0	1501
ENSG00000113593.12	1571	21	1550
ENSG00000113595.15	672	7	665
ENSG00000207352.1	0	0	0
ENSG00000113597.18	758	43	768
ENSG00000253251.3	154	0	154
ENSG00000197860.10	445	23	475
ENSG00000123213.23	1754	7	1747
ENSG00000251648.2	0	0	0
ENSG00000269961.1	5	0	5
ENSG00000112851.15	10388	4	10384
ENSG00000252904.1	0	0	0
ENSG00000286314.1	0	0	0
ENSG00000285999.1	34	0	34
ENSG00000153914.16	3742	34	3757
ENSG00000253744.1	0	49	0
ENSG00000248846.3	1	0	1
ENSG00000251391.5	1	0	1
ENSG00000286062.1	2	0	2
ENSG00000250313.3	0	0	0
ENSG00000234838.3	0	0	0
ENSG00000069020.18	523	5	518
ENSG00000248803.1	0	0	0
ENSG00000249057.1	0	0	0
ENSG00000229666.1	4	0	4
ENSG00000134061.5	0	0	0
ENSG00000251206.1	0	0	0
ENSG00000286647.1	0	0	0
ENSG00000249364.6	0	0	0
ENSG00000250978.5	0	0	0
ENSG00000239870.1	1	0	1
ENSG00000249736.1	0	0	0
ENSG00000249238.1	0	0	0
ENSG00000250669.1	0	0	0
ENSG00000249721.1	0	0	0
ENSG00000250421.5	0	0	0
ENSG00000249894.1	1	0	1
ENSG00000273860.1	0	0	0
ENSG00000253801.2	0	0	0
ENSG00000252108.1	0	0	0
ENSG00000213864.3	46	0	46
ENSG00000253787.1	0	0	0
ENSG00000145675.15	1611	0	1611
ENSG00000251044.2	0	0	0
ENSG00000248884.1	0	0	0
ENSG00000248359.2	0	0	0
ENSG00000249588.1	0	0	0
ENSG00000249335.2	0	0	0
ENSG00000250289.1	0	0	0
ENSG00000212249.2	0	0	0
ENSG00000250066.1	0	0	0
ENSG00000276309.1	0	0	0
ENSG00000249352.4	0	0	0
ENSG00000250237.1	0	0	0
ENSG00000249183.1	0	0	0
ENSG00000145740.19	2193	1	2732
ENSG00000248664.1	2	540	1
ENSG00000220986.1	0	0	0
ENSG00000280894.1	0	0	0
ENSG00000134057.15	7079	0	7079
ENSG00000280187.1	80	0	80
ENSG00000153044.10	871	1	870
ENSG00000134056.12	725	1	724
ENSG00000134058.12	1247	10	1237
ENSG00000183323.13	523	8	515
ENSG00000213830.3	4	0	4
ENSG00000215006.4	6	0	6
ENSG00000271045.1	0	0	0
ENSG00000085231.14	621	0	621
ENSG00000273841.5	4667	1	4668
ENSG00000152942.19	1366	25	1382
ENSG00000152939.17	15	0	15
ENSG00000244717.1	0	0	0
ENSG00000249295.1	0	0	0
ENSG00000266477.2	0	0	0
ENSG00000197822.11	59	0	59
ENSG00000212260.1	0	0	0
ENSG00000183474.16	299	0	299
ENSG00000248477.6	1	1	0
ENSG00000250138.4	0	0	0
ENSG00000253203.6	6	0	6
ENSG00000248769.1	0	0	0
ENSG00000198237.8	2	0	2
ENSG00000251158.1	0	0	0
ENSG00000249230.1	0	0	0
ENSG00000205572.10	26	0	26
ENSG00000205571.14	193	0	193
ENSG00000285151.1	0	0	0
ENSG00000179978.11	7	0	7
ENSG00000253492.1	0	0	0
ENSG00000254701.3	0	0	0
ENSG00000253816.3	0	0	0
ENSG00000226259.10	133	0	133
ENSG00000269983.1	0	0	0
ENSG00000250687.6	0	0	0
ENSG00000253333.1	0	0	0
ENSG00000196302.5	0	0	0
ENSG00000253366.3	0	0	0
ENSG00000288349.1	0	0	0
ENSG00000254335.1	0	0	0
ENSG00000172058.16	7	0	7
ENSG00000172062.17	158	0	158
ENSG00000285204.1	0	0	0
ENSG00000249437.8	3	2	1
ENSG00000145736.14	196	0	196
ENSG00000230847.4	0	0	0
ENSG00000251634.2	2	0	2
ENSG00000253900.1	0	0	0
ENSG00000215630.6	1	0	1
ENSG00000235558.3	0	0	0
ENSG00000250387.3	0	0	0
ENSG00000253985.1	0	0	0
ENSG00000169040.14	0	0	0
ENSG00000249981.1	0	0	0
ENSG00000145734.19	4029	1	4028
ENSG00000253536.1	1	1	0
ENSG00000247911.3	0	0	0
ENSG00000131844.16	2983	0	2983
ENSG00000164326.5	0	0	0
ENSG00000278824.1	0	0	0
ENSG00000285804.2	5	0	5
ENSG00000131711.15	13242	23	13219
ENSG00000264099.1	0	0	0
ENSG00000113048.17	3969	10	3970
ENSG00000244748.3	0	0	0
ENSG00000049883.15	746	1	756
ENSG00000244061.1	0	0	0
ENSG00000251108.1	0	0	0
ENSG00000261269.1	0	0	0
ENSG00000178175.12	0	0	0
ENSG00000248371.5	0	0	0
ENSG00000251613.4	0	0	0
ENSG00000226544.4	3	0	3
ENSG00000223497.1	0	0	0
ENSG00000206770.1	0	0	0
ENSG00000249085.1	0	0	0
ENSG00000083312.17	15139	2	15137
ENSG00000263593.1	0	0	0
ENSG00000242602.1	0	0	0
ENSG00000271926.1	1	0	1
ENSG00000272081.1	0	0	0
ENSG00000157107.14	789	0	789
ENSG00000251467.1	2	0	2
ENSG00000248930.1	1	0	1
ENSG00000157111.13	30	0	30
ENSG00000251599.1	0	0	0
ENSG00000250747.1	0	0	0
ENSG00000164325.8	0	0	0
ENSG00000287090.1	0	0	0
ENSG00000249743.6	0	0	0
ENSG00000251543.1	0	0	0
ENSG00000249149.2	0	0	0
ENSG00000251493.5	617	0	1650
ENSG00000247993.2	0	1033	0
ENSG00000251604.1	1	0	1
ENSG00000251324.1	0	0	0
ENSG00000272525.1	1	0	1
ENSG00000145741.16	18425	5	18420
ENSG00000255883.1	35	0	35
ENSG00000164331.10	230	0	232
ENSG00000164338.10	1613	2	1613
ENSG00000214944.9	2231	0	2231
ENSG00000249293.1	0	0	0
ENSG00000184084.7	1	1	0
ENSG00000238913.1	0	0	0
ENSG00000259968.3	0	0	0
ENSG00000248474.1	0	0	0
ENSG00000248673.2	0	0	0
ENSG00000248942.3	0	0	0
ENSG00000244326.3	0	0	0
ENSG00000249343.3	0	0	0
ENSG00000250446.1	0	0	0
ENSG00000171617.14	2416	1	2438
ENSG00000049860.14	5011	238	5096
ENSG00000164347.18	1691	96	1929
ENSG00000207336.1	0	0	0
ENSG00000164346.10	3817	273	3872
ENSG00000198780.12	487	82	711
ENSG00000199645.1	0	0	0
ENSG00000250071.1	2	0	2
ENSG00000271714.1	0	0	0
ENSG00000212363.1	0	0	0
ENSG00000287701.1	0	0	0
ENSG00000249856.1	0	0	0
ENSG00000196390.6	0	0	0
ENSG00000239517.1	0	0	0
ENSG00000182383.8	3	0	3
ENSG00000249157.1	0	0	0
ENSG00000176928.7	6	0	6
ENSG00000145700.10	13	0	13
ENSG00000251663.1	0	0	0
ENSG00000247372.2	0	0	0
ENSG00000113161.16	5316	2	5511
ENSG00000113163.18	1138	199	1136
ENSG00000271815.1	0	0	0
ENSG00000242198.1	8	8	0
ENSG00000122008.15	1463	0	1620
ENSG00000251724.1	0	0	0
ENSG00000248881.1	0	157	0
ENSG00000272040.1	13	0	13
ENSG00000189045.15	19	0	19
ENSG00000152359.15	675	0	675
ENSG00000207333.1	0	0	0
ENSG00000251078.1	0	0	0
ENSG00000251419.1	0	0	0
ENSG00000249301.1	0	0	0
ENSG00000248684.1	0	0	0
ENSG00000228367.3	0	0	0
ENSG00000249777.1	0	0	0
ENSG00000251342.1	0	0	0
ENSG00000248127.1	0	0	0
ENSG00000122012.14	0	0	0
ENSG00000252833.1	0	0	0
ENSG00000251668.2	0	0	0
ENSG00000254893.6	286	0	286
ENSG00000249014.2	67	0	67
ENSG00000251107.1	1	0	1
ENSG00000250348.1	0	0	0
ENSG00000251235.3	2	0	2
ENSG00000145703.16	30	0	30
ENSG00000250574.1	0	0	0
ENSG00000249713.1	0	0	0
ENSG00000164220.7	44	0	44
ENSG00000225407.3	0	3	0
ENSG00000277188.1	0	0	0
ENSG00000278237.1	0	0	0
ENSG00000181104.7	2249	0	2252
ENSG00000164251.5	1	0	1
ENSG00000264391.2	0	0	0
ENSG00000171643.14	10	0	10
ENSG00000252684.1	1	0	1
ENSG00000145708.11	4	0	4
ENSG00000164252.13	1005	7	998
ENSG00000285000.1	3	0	3
ENSG00000132846.6	1207	27	1450
ENSG00000250615.1	0	258	0
ENSG00000238961.1	11	0	11
ENSG00000250802.7	86	9	89
ENSG00000284762.1	0	0	0
ENSG00000251566.1	0	0	0
ENSG00000113231.14	17	17	0
ENSG00000251400.1	1	0	1
ENSG00000164253.14	1489	0	1491
ENSG00000244019.1	0	0	0
ENSG00000244363.3	932	0	932
ENSG00000171540.8	0	0	0
ENSG00000171530.15	1981	5	1976
ENSG00000213763.4	8	0	8
ENSG00000253572.2	0	0	0
ENSG00000287162.1	0	0	0
ENSG00000132842.14	3376	0	3376
ENSG00000253558.1	2	0	2
ENSG00000249372.1	0	0	0
ENSG00000251605.1	0	0	0
ENSG00000200331.1	0	0	0
ENSG00000206714.1	0	0	0
ENSG00000245556.3	89	0	89
ENSG00000085365.18	2268	20	2248
ENSG00000145685.14	2001	8	1993
ENSG00000248909.1	2	0	2
ENSG00000254170.1	3	0	3
ENSG00000254310.1	0	0	0
ENSG00000113273.17	1351	1	1350
ENSG00000132837.15	3	0	3
ENSG00000214890.3	0	0	0
ENSG00000132840.10	0	0	0
ENSG00000145692.15	0	0	0
ENSG00000201955.1	0	0	0
ENSG00000249829.2	0	0	0
ENSG00000206592.1	0	0	0
ENSG00000250330.1	0	0	0
ENSG00000152409.9	1282	11	1271
ENSG00000213757.3	130	0	130
ENSG00000152413.15	927	0	927
ENSG00000213755.3	0	0	0
ENSG00000243160.1	2	0	2
ENSG00000207391.1	0	0	0
ENSG00000277818.1	0	0	0
ENSG00000164329.13	1957	0	1957
ENSG00000164309.15	39	0	39
ENSG00000250258.1	0	0	0
ENSG00000286818.1	0	0	0
ENSG00000238254.3	0	0	0
ENSG00000250888.1	0	0	0
ENSG00000177034.17	3980	0	3980
ENSG00000113296.14	6	0	6
ENSG00000251050.1	2	0	2
ENSG00000249778.1	0	0	0
ENSG00000249825.6	0	0	0
ENSG00000164300.17	604	0	612
ENSG00000251675.1	4	12	0
ENSG00000249438.2	0	0	0
ENSG00000184188.6	0	0	0
ENSG00000251828.1	0	0	0
ENSG00000244076.1	4	0	4
ENSG00000164299.7	0	0	0
ENSG00000227087.4	1	0	1
ENSG00000248569.1	149	0	149
ENSG00000220157.4	61	0	61
ENSG00000206774.1	0	0	0
ENSG00000039319.17	2047	113	2253
ENSG00000249042.6	18	228	109
ENSG00000152380.10	25	0	25
ENSG00000242706.2	0	0	0
ENSG00000240003.2	2	0	2
ENSG00000189127.8	6	0	6
ENSG00000251366.1	0	0	0
ENSG00000251221.1	6	0	6
ENSG00000228716.7	6137	20	6156
ENSG00000249655.1	2	0	2
ENSG00000271043.2	0	0	0
ENSG00000113318.11	1114	20	1133
ENSG00000248967.1	0	0	0
ENSG00000244630.2	0	0	0
ENSG00000251450.2	5	5	0
ENSG00000113319.13	18	10	9
ENSG00000251001.1	0	0	0
ENSG00000249772.1	0	0	0
ENSG00000247572.8	221	0	222
ENSG00000131730.16	7	7	0
ENSG00000248794.1	9	0	9
ENSG00000131732.12	1223	0	1223
ENSG00000172497.9	0	0	0
ENSG00000286721.1	0	0	0
ENSG00000145687.16	153	2	151
ENSG00000287938.1	0	0	0
ENSG00000249483.1	0	0	0
ENSG00000214857.4	0	0	0
ENSG00000152348.16	167	12995	163
ENSG00000236447.2	0	0	0
ENSG00000251495.1	519	2	517
ENSG00000248192.1	0	0	0
ENSG00000265684.2	0	0	0
ENSG00000251374.1	5	4	1
ENSG00000186468.13	6035	6	19020
ENSG00000205464.12	10	0	10
ENSG00000248393.1	0	0	0
ENSG00000248870.1	0	0	0
ENSG00000249100.1	0	0	0
ENSG00000240411.2	0	0	0
ENSG00000248105.1	0	0	0
ENSG00000283359.1	0	0	0
ENSG00000281327.2	3	0	3
ENSG00000248112.1	0	0	0
ENSG00000249857.1	0	0	0
ENSG00000248400.2	4	0	4
ENSG00000249664.1	7	0	7
ENSG00000271862.1	33	0	33
ENSG00000174695.10	4894	3	4891
ENSG00000238835.1	3	0	3
ENSG00000152422.16	580	0	580
ENSG00000243385.2	0	0	0
ENSG00000251552.1	0	0	0
ENSG00000251395.1	0	0	0
ENSG00000038427.16	7692	4	8256
ENSG00000249835.2	0	568	0
ENSG00000145681.11	0	0	0
ENSG00000253073.1	0	0	0
ENSG00000206744.1	0	0	0
ENSG00000242858.1	1	0	1
ENSG00000202157.1	0	0	0
ENSG00000250013.1	0	0	0
ENSG00000164176.13	218	3	218
ENSG00000252861.1	0	0	0
ENSG00000250320.6	4	0	7
ENSG00000214853.5	0	0	0
ENSG00000249349.1	0	0	0
ENSG00000248674.1	0	0	0
ENSG00000250253.3	1	0	1
ENSG00000249792.1	0	0	0
ENSG00000248170.1	0	0	0
ENSG00000248667.1	0	0	0
ENSG00000249023.1	0	0	0
ENSG00000249842.1	0	0	0
ENSG00000243859.3	7	0	7
ENSG00000251066.1	0	0	0
ENSG00000250874.1	0	0	0
ENSG00000241965.2	0	0	0
ENSG00000249153.1	0	0	0
ENSG00000250359.1	0	0	0
ENSG00000205449.11	19	0	19
ENSG00000280009.1	4	0	4
ENSG00000248195.1	0	0	0
ENSG00000248363.5	0	0	0
ENSG00000250124.1	0	0	0
ENSG00000251585.1	0	0	0
ENSG00000127184.13	4144	0	4144
ENSG00000284078.1	0	0	0
ENSG00000207013.1	0	0	0
ENSG00000250544.2	0	0	0
ENSG00000248701.1	0	0	0
ENSG00000242477.1	25	0	25
ENSG00000249061.1	0	0	0
ENSG00000233828.5	23	0	23
ENSG00000251951.1	0	0	0
ENSG00000265919.1	0	0	0
ENSG00000288569.1	0	0	0
ENSG00000145715.15	2079	130	2468
ENSG00000241243.3	0	0	0
ENSG00000207452.1	0	0	0
ENSG00000134480.16	1506	512	1635
ENSG00000285190.1	0	120	2
ENSG00000200462.1	0	0	0
ENSG00000249362.2	0	0	0
ENSG00000248708.2	0	0	0
ENSG00000287783.1	0	0	0
ENSG00000287862.1	0	0	0
ENSG00000164180.14	1550	3	1550
ENSG00000247828.8	482	0	495
ENSG00000207129.1	0	7	0
ENSG00000240083.2	0	0	0
ENSG00000206958.1	0	0	0
ENSG00000250306.1	0	0	0
ENSG00000250156.3	0	3	0
ENSG00000271904.1	0	0	0
ENSG00000245526.11	179	0	179
ENSG00000250705.1	0	0	0
ENSG00000284447.1	0	0	0
ENSG00000245864.3	0	8	0
ENSG00000250377.2	0	0	0
ENSG00000250555.2	0	0	0
ENSG00000081189.16	163	0	171
ENSG00000248309.7	5	0	5
ENSG00000250831.1	0	0	0
ENSG00000250437.1	0	0	0
ENSG00000214942.6	0	0	0
ENSG00000264342.3	0	0	0
ENSG00000248555.7	0	0	0
ENSG00000253321.1	0	0	0
ENSG00000260871.1	0	0	0
ENSG00000153140.9	599	0	599
ENSG00000255647.3	1	0	1
ENSG00000176055.10	526	0	530
ENSG00000113356.13	2670	7	2667
ENSG00000176018.13	1344	27	1332
ENSG00000164199.18	146	18	143
ENSG00000249514.1	0	0	0
ENSG00000248323.7	86	0	86
ENSG00000285618.1	0	0	0
ENSG00000212930.3	0	0	0
ENSG00000251093.1	0	0	0
ENSG00000199643.1	0	0	0
ENSG00000234292.3	0	0	0
ENSG00000286638.1	0	0	0
ENSG00000277001.1	0	0	0
ENSG00000240388.2	0	0	0
ENSG00000241059.2	0	0	0
ENSG00000113369.9	1081	0	1081
ENSG00000281357.3	7	0	7
ENSG00000251356.1	0	0	0
ENSG00000286121.1	0	0	0
ENSG00000248826.2	1	0	1
ENSG00000276426.1	0	0	0
ENSG00000250049.7	1	0	1
ENSG00000249776.5	0	0	0
ENSG00000249169.1	0	0	0
ENSG00000249984.1	0	0	0
ENSG00000248588.2	0	0	0
ENSG00000248950.1	0	0	0
ENSG00000249958.1	0	0	0
ENSG00000248528.1	0	0	0
ENSG00000251361.1	0	0	0
ENSG00000286509.1	4	4	0
ENSG00000213730.3	2	0	2
ENSG00000237187.9	98	13	99
ENSG00000175745.14	128	6	136
ENSG00000278905.1	0	0	0
ENSG00000113391.19	1390	0	1390
ENSG00000284336.1	0	0	0
ENSG00000287180.1	2	2	0
ENSG00000249353.2	311	0	311
ENSG00000248483.7	1	0	1
ENSG00000272406.1	0	0	0
ENSG00000287447.1	0	0	0
ENSG00000251023.1	6	0	6
ENSG00000286577.1	0	0	0
ENSG00000185261.14	58	0	58
ENSG00000251544.1	0	0	0
ENSG00000254132.1	60	59	1
ENSG00000251340.1	0	0	0
ENSG00000232578.4	0	0	0
ENSG00000270133.1	1	0	1
ENSG00000133302.13	1306	0	1306
ENSG00000175471.19	1997	42	1955
ENSG00000249175.1	0	0	0
ENSG00000243806.1	0	0	0
ENSG00000276514.1	0	0	0
ENSG00000249545.1	0	0	0
ENSG00000153347.10	0	0	0
ENSG00000225165.3	1	0	1
ENSG00000198677.12	6622	2	6620
ENSG00000212259.1	1	1	0
ENSG00000164291.17	598	2	596
ENSG00000178015.5	6	1	5
ENSG00000175449.14	48	6	74
ENSG00000145757.16	21	30	23
ENSG00000250240.6	19	74	19
ENSG00000164292.13	3999	1	4072
ENSG00000173221.14	146	14	132
ENSG00000251348.1	3	0	3
ENSG00000251000.1	16	0	16
ENSG00000251409.1	0	0	0
ENSG00000236882.8	11	0	11
ENSG00000272021.1	0	0	0
ENSG00000250362.1	6	0	6
ENSG00000118985.16	4576	4	4572
ENSG00000251314.2	0	0	0
ENSG00000250955.1	0	0	0
ENSG00000213716.3	0	0	0
ENSG00000250551.1	0	0	0
ENSG00000207578.1	0	0	0
ENSG00000206997.1	0	0	0
ENSG00000249746.1	0	0	0
ENSG00000250158.1	0	0	0
ENSG00000175426.11	0	0	0
ENSG00000153113.24	7018	157	8188
ENSG00000249180.1	0	524	2
ENSG00000164307.13	950	833	1078
ENSG00000248734.2	1	80	1
ENSG00000272109.2	0	80	0
ENSG00000247121.7	4	0	4
ENSG00000164308.17	1393	1	1392
ENSG00000113441.16	1624	2	1622
ENSG00000227836.1	2	0	2
ENSG00000200884.1	0	0	0
ENSG00000213701.4	4	0	4
ENSG00000251513.2	0	39	0
ENSG00000145721.12	1	1	0
ENSG00000058729.11	1276	3	1315
ENSG00000206698.1	0	0	0
ENSG00000286828.1	15	0	18
ENSG00000248758.1	0	0	0
ENSG00000251054.1	0	0	0
ENSG00000249761.1	0	0	0
ENSG00000251389.1	0	0	0
ENSG00000249977.1	0	0	0
ENSG00000250331.2	0	0	0
ENSG00000248931.1	0	0	0
ENSG00000251193.1	0	0	0
ENSG00000286953.1	0	0	0
ENSG00000248202.2	0	0	0
ENSG00000249101.1	0	0	0
ENSG00000248901.2	0	0	0
ENSG00000249135.1	0	0	0
ENSG00000238000.1	3	0	3
ENSG00000176183.8	1	0	1
ENSG00000250221.1	0	0	0
ENSG00000250830.1	0	0	0
ENSG00000249990.1	0	0	0
ENSG00000249448.1	0	0	0
ENSG00000251102.1	101	0	101
ENSG00000251553.1	2	0	2
ENSG00000174136.13	1313	8	4505
ENSG00000246763.7	196	231	1
ENSG00000279232.2	1	3158	7
ENSG00000250162.1	1	0	1
ENSG00000153922.11	6660	1	6659
ENSG00000222610.1	0	0	0
ENSG00000248489.2	8	0	8
ENSG00000200351.1	1	1	0
ENSG00000241597.2	0	0	0
ENSG00000249444.2	0	0	0
ENSG00000206356.5	0	0	0
ENSG00000227762.4	0	0	0
ENSG00000249515.1	0	0	0
ENSG00000248236.1	0	0	0
ENSG00000248928.1	0	0	0
ENSG00000250391.1	0	0	0
ENSG00000249963.1	1	0	1
ENSG00000199378.1	0	0	0
ENSG00000270232.1	0	0	0
ENSG00000270230.1	3	2	1
ENSG00000271687.1	0	0	0
ENSG00000270906.1	1	0	1
ENSG00000270350.1	0	0	0
ENSG00000271480.1	0	0	0
ENSG00000270388.1	0	0	0
ENSG00000270307.1	0	0	0
ENSG00000270225.1	0	0	0
ENSG00000271207.1	0	0	0
ENSG00000274455.1	0	0	0
ENSG00000207077.1	0	0	0
ENSG00000275374.1	0	0	0
ENSG00000273957.1	0	0	0
ENSG00000249787.2	0	0	0
ENSG00000247877.7	1	0	1
ENSG00000174132.9	261	0	261
ENSG00000250806.2	0	0	0
ENSG00000207269.1	0	0	0
ENSG00000113532.13	122	0	122
ENSG00000221263.1	0	0	0
ENSG00000277506.1	0	0	0
ENSG00000251261.4	0	0	0
ENSG00000249495.1	0	0	0
ENSG00000199786.1	0	0	0
ENSG00000248261.2	0	0	0
ENSG00000173930.9	15	0	15
ENSG00000222987.1	0	0	0
ENSG00000205359.10	0	0	0
ENSG00000249017.1	0	0	0
ENSG00000250958.1	0	0	0
ENSG00000250682.6	0	0	0
ENSG00000247402.2	2	2	0
ENSG00000286338.1	0	0	0
ENSG00000145730.20	3367	0	3367
ENSG00000175749.11	2	0	2
ENSG00000145723.17	211	0	211
ENSG00000145725.20	2514	0	2514
ENSG00000248203.1	0	0	0
ENSG00000181751.10	1023	0	1023
ENSG00000250567.1	0	0	0
ENSG00000226926.7	4	0	4
ENSG00000248757.2	2	0	2
ENSG00000112874.10	375	0	375
ENSG00000283462.2	0	0	0
ENSG00000251026.2	0	0	0
ENSG00000201910.1	0	0	0
ENSG00000239808.3	0	0	0
ENSG00000251574.8	0	0	0
ENSG00000278958.1	0	0	0
ENSG00000253776.1	0	0	0
ENSG00000252881.1	0	0	0
ENSG00000253584.1	0	0	0
ENSG00000232159.3	0	0	0
ENSG00000201790.1	0	0	0
ENSG00000251204.1	0	0	0
ENSG00000250145.1	0	0	0
ENSG00000252337.1	0	0	0
ENSG00000251027.2	0	0	0
ENSG00000250273.1	242	1	241
ENSG00000184349.13	985	0	985
ENSG00000249959.6	0	0	0
ENSG00000248827.1	2	0	2
ENSG00000239708.3	0	0	0
ENSG00000251732.1	0	0	0
ENSG00000145743.17	1005	0	1005
ENSG00000286503.1	6	4	2
ENSG00000244245.1	1085	0	1085
ENSG00000272523.1	10	2	8
ENSG00000151422.13	3155	0	3199
ENSG00000249921.2	5	0	5
ENSG00000250383.1	0	0	0
ENSG00000207404.1	0	0	0
ENSG00000250441.1	0	0	0
ENSG00000206593.1	0	0	0
ENSG00000176857.5	48	0	48
ENSG00000286882.1	2	44	2
ENSG00000249476.2	7	0	7
ENSG00000198961.10	3071	0	3071
ENSG00000248867.1	0	0	0
ENSG00000251367.1	0	0	0
ENSG00000248876.1	0	0	0
ENSG00000248440.1	0	0	0
ENSG00000214794.4	1	0	1
ENSG00000271849.1	0	0	0
ENSG00000112893.9	3104	0	3104
ENSG00000202512.1	0	0	0
ENSG00000249068.1	0	0	0
ENSG00000254106.1	0	0	0
ENSG00000253224.1	0	0	0
ENSG00000186952.15	25	0	25
ENSG00000221436.1	0	0	0
ENSG00000207177.1	0	0	0
ENSG00000164209.17	3554	0	3554
ENSG00000270779.1	0	0	0
ENSG00000248966.1	61	0	61
ENSG00000248428.1	0	0	0
ENSG00000251627.1	0	0	0
ENSG00000145777.15	41	0	42
ENSG00000253613.2	0	1	0
ENSG00000134987.11	4286	0	4286
ENSG00000250728.1	0	0	0
ENSG00000214784.4	86	0	86
ENSG00000152495.11	2365	23	2342
ENSG00000249318.1	0	0	0
ENSG00000248268.1	0	0	0
ENSG00000164211.13	2480	6	2502
ENSG00000246859.3	181	1210	7
ENSG00000249619.1	0	0	0
ENSG00000251099.2	0	0	0
ENSG00000134986.14	110	2	1116
ENSG00000253057.1	0	0	0
ENSG00000249439.1	0	0	0
ENSG00000250095.5	0	0	0
ENSG00000129595.14	23	255	71
ENSG00000224032.7	369	44	620
ENSG00000238363.1	10	0	10
ENSG00000250882.1	0	0	0
ENSG00000251187.5	1	8	1
ENSG00000251076.1	0	0	0
ENSG00000248350.1	0	0	0
ENSG00000278921.2	1	1	0
ENSG00000248430.1	0	0	0
ENSG00000251014.1	0	0	0
ENSG00000250358.6	0	0	0
ENSG00000134982.17	4349	1	4348
ENSG00000250045.2	0	0	0
ENSG00000212370.1	0	0	0
ENSG00000258864.1	0	0	0
ENSG00000153037.15	887	36	856
ENSG00000129625.13	2943	16	2947
ENSG00000249947.2	1	0	1
ENSG00000212643.3	0	0	0
ENSG00000172795.17	2454	6	2448
ENSG00000171444.18	881	19	862
ENSG00000232633.4	0	1	0
ENSG00000212122.4	0	0	1
ENSG00000251741.1	0	0	0
ENSG00000047188.16	1980	0	1980
ENSG00000286839.1	0	0	0
ENSG00000080709.16	37	0	46
ENSG00000222706.1	0	0	0
ENSG00000246316.8	0	9	0
ENSG00000251542.1	0	0	0
ENSG00000251132.1	0	0	0
ENSG00000250242.1	0	0	0
ENSG00000152503.10	252	0	252
ENSG00000250472.1	0	0	0
ENSG00000249791.1	9	9	0
ENSG00000164219.10	1295	3	1332
ENSG00000271797.1	2	40	2
ENSG00000243304.3	0	0	0
ENSG00000164221.13	611	1	610
ENSG00000250197.1	0	0	0
ENSG00000249026.2	6	0	6
ENSG00000248722.1	0	0	0
ENSG00000249944.1	0	0	0
ENSG00000249433.1	0	0	0
ENSG00000250444.1	14	0	14
ENSG00000145780.8	2395	0	2395
ENSG00000243414.6	2	0	4
ENSG00000251201.8	2	0	2
ENSG00000249249.2	40	689	3
ENSG00000134970.14	5502	0	5502
ENSG00000249021.1	0	0	0
ENSG00000248709.3	0	0	0
ENSG00000251118.1	0	0	0
ENSG00000222598.1	0	0	0
ENSG00000129596.5	121	0	121
ENSG00000145782.13	2578	4	2586
ENSG00000177879.17	1917	12	1917
ENSG00000287148.1	0	0	0
ENSG00000172901.20	13	0	13
ENSG00000248295.2	0	0	0
ENSG00000268223.6	26	0	26
ENSG00000185641.6	160	0	160
ENSG00000272265.1	0	0	0
ENSG00000271918.1	10	3	10
ENSG00000145781.9	855	0	861
ENSG00000212457.1	0	0	0
ENSG00000232916.1	0	0	0
ENSG00000250015.1	9	9	0
ENSG00000092421.17	71	33	41
ENSG00000248445.5	19	0	19
ENSG00000239528.1	0	0	0
ENSG00000249167.2	0	0	0
ENSG00000197575.6	3	1	2
ENSG00000251311.1	0	0	0
ENSG00000249150.2	0	0	0
ENSG00000250650.1	0	0	0
ENSG00000250949.1	0	0	0
ENSG00000243758.1	0	0	0
ENSG00000285809.1	0	0	0
ENSG00000248663.6	0	0	0
ENSG00000251477.1	0	0	0
ENSG00000249797.2	0	0	0
ENSG00000249582.1	0	0	0
ENSG00000250891.2	0	0	0
ENSG00000250427.1	0	0	0
ENSG00000249551.1	0	0	0
ENSG00000286745.1	0	0	0
ENSG00000249128.1	0	0	0
ENSG00000238904.1	0	0	0
ENSG00000249426.1	0	0	0
ENSG00000169570.10	692	0	692
ENSG00000197744.5	73	0	73
ENSG00000283498.1	107	0	107
ENSG00000249494.6	0	0	0
ENSG00000223179.3	0	0	0
ENSG00000250678.1	0	0	0
ENSG00000250928.1	0	0	0
ENSG00000172869.14	1351	2	1349
ENSG00000248885.1	1	1	0
ENSG00000248979.2	0	0	0
ENSG00000206786.1	0	0	0
ENSG00000264536.1	0	0	0
ENSG00000145779.8	389	0	389
ENSG00000243333.3	0	0	0
ENSG00000202092.1	0	0	0
ENSG00000133835.17	3073	0	3073
ENSG00000213663.4	0	0	0
ENSG00000249919.1	0	0	0
ENSG00000164334.15	0	0	0
ENSG00000250895.1	0	0	0
ENSG00000234259.3	0	0	0
ENSG00000251293.1	0	0	0
ENSG00000251975.1	0	0	0
ENSG00000261036.2	0	0	0
ENSG00000184838.15	295	0	295
ENSG00000270741.1	0	0	0
ENSG00000222609.1	0	0	0
ENSG00000248927.1	41	0	41
ENSG00000251135.2	0	0	0
ENSG00000248853.1	0	0	0
ENSG00000229855.9	0	0	0
ENSG00000250847.1	0	0	0
ENSG00000279860.1	0	0	0
ENSG00000244088.1	1	0	1
ENSG00000213661.3	2	0	2
ENSG00000249600.1	0	0	0
ENSG00000181867.3	0	0	0
ENSG00000151304.6	1290	34	1304
ENSG00000113083.15	630	78	600
ENSG00000247311.3	0	0	0
ENSG00000164185.6	0	0	0
ENSG00000250803.6	0	0	0
ENSG00000249610.1	0	0	0
ENSG00000272139.1	0	0	0
ENSG00000064692.20	18	0	18
ENSG00000249621.1	0	0	0
ENSG00000249916.1	0	0	0
ENSG00000287794.1	0	0	0
ENSG00000250328.6	0	0	0
ENSG00000251538.7	0	0	0
ENSG00000240058.3	0	0	0
ENSG00000205302.7	2751	0	2751
ENSG00000260686.1	0	0	0
ENSG00000064652.11	991	42	988
ENSG00000263432.2	7	2	5
ENSG00000168938.6	181	1	224
ENSG00000249996.1	3	5	3
ENSG00000276047.1	0	0	0
ENSG00000223652.2	7	1	6
ENSG00000061455.11	36	0	36
ENSG00000213655.4	0	0	0
ENSG00000168944.17	1579	0	1579
ENSG00000250539.1	2	0	2
ENSG00000249400.1	0	0	0
ENSG00000279772.1	0	0	0
ENSG00000151292.17	2914	0	2914
ENSG00000235275.3	0	0	0
ENSG00000253807.6	0	0	0
ENSG00000250862.1	0	0	0
ENSG00000251421.2	0	0	0
ENSG00000248600.2	0	0	0
ENSG00000251214.1	0	0	0
ENSG00000250438.1	0	0	0
ENSG00000248296.1	0	0	0
ENSG00000168916.15	32	0	32
ENSG00000249112.1	0	0	0
ENSG00000251456.1	0	0	0
ENSG00000242814.2	0	0	36
ENSG00000260192.3	0	36	0
ENSG00000248443.1	0	0	0
ENSG00000249261.1	0	0	0
ENSG00000288008.1	0	0	0
ENSG00000250194.1	0	0	0
ENSG00000250721.1	0	0	0
ENSG00000248752.3	0	0	0
ENSG00000222107.1	0	0	0
ENSG00000250402.2	0	0	0
ENSG00000286111.1	0	0	0
ENSG00000249950.1	0	0	0
ENSG00000249904.1	0	0	0
ENSG00000241888.2	0	0	0
ENSG00000248107.2	0	0	0
ENSG00000155324.10	36	0	42
ENSG00000250602.6	4	10	0
ENSG00000279118.1	2	0	2
ENSG00000164904.18	1373	1	1373
ENSG00000202082.2	0	0	0
ENSG00000164902.14	3334	2	3332
ENSG00000230929.5	1	1	0
ENSG00000196900.5	0	0	0
ENSG00000213630.3	0	0	0
ENSG00000249768.2	0	0	0
ENSG00000251072.2	0	0	0
ENSG00000252185.1	0	0	0
ENSG00000113368.12	6480	1	6480
ENSG00000173926.6	87	20	67
ENSG00000164241.13	2	0	2
ENSG00000279446.1	0	0	0
ENSG00000214743.4	0	0	0
ENSG00000250080.1	0	0	0
ENSG00000271585.1	0	0	0
ENSG00000250956.1	0	0	0
ENSG00000283897.2	5	0	5
ENSG00000286615.1	5	5	0
ENSG00000145794.17	4	0	4
ENSG00000249577.1	0	0	0
ENSG00000271766.1	0	0	0
ENSG00000250859.1	284	0	284
ENSG00000164244.21	2271	0	2271
ENSG00000282925.1	0	0	0
ENSG00000205279.8	0	0	0
ENSG00000248799.1	0	0	0
ENSG00000230561.4	4	4	0
ENSG00000251032.1	0	0	0
ENSG00000250603.1	0	0	0
ENSG00000245937.8	394	0	394
ENSG00000064651.14	2322	3	2319
ENSG00000250329.1	1	0	1
ENSG00000138829.12	3967	5	3974
ENSG00000207290.1	0	0	0
ENSG00000113396.13	43	12	43
ENSG00000248634.1	0	0	0
ENSG00000066583.12	837	0	837
ENSG00000264563.1	0	0	0
ENSG00000286274.1	0	0	0
ENSG00000265691.1	0	0	0
ENSG00000249421.2	0	0	1
ENSG00000145808.10	17	1	17
ENSG00000251680.6	5	1	5
ENSG00000186367.7	0	0	0
ENSG00000198108.4	96	0	97
ENSG00000221562.1	0	0	0
ENSG00000199455.1	0	0	0
ENSG00000248610.1	3	0	3
ENSG00000252514.1	0	0	0
ENSG00000249312.1	0	0	0
ENSG00000249418.2	0	0	0
ENSG00000287390.1	0	0	0
ENSG00000244192.1	8	0	8
ENSG00000250405.2	0	0	0
ENSG00000248955.1	0	0	0
ENSG00000169567.13	3929	5	3924
ENSG00000186687.16	2043	0	2043
ENSG00000158985.14	1111	3	1108
ENSG00000279370.1	0	0	0
ENSG00000158987.22	366	0	366
ENSG00000273217.1	0	0	0
ENSG00000275939.1	1	0	1
ENSG00000217128.12	2096	0	2096
ENSG00000286676.1	0	0	0
ENSG00000279584.1	0	0	0
ENSG00000239642.6	0	0	0
ENSG00000281938.2	0	0	0
ENSG00000234758.1	0	0	0
ENSG00000164398.15	3	0	3
ENSG00000223548.1	0	0	0
ENSG00000231585.1	0	0	0
ENSG00000164399.5	0	0	0
ENSG00000164400.6	2	0	2
ENSG00000253067.1	0	0	0
ENSG00000227616.1	0	0	0
ENSG00000235775.1	0	0	0
ENSG00000224015.1	0	0	0
ENSG00000237714.1	0	78	0
ENSG00000072682.19	545	0	623
ENSG00000224431.1	2	2	0
ENSG00000283678.1	0	0	0
ENSG00000131435.13	311	0	311
ENSG00000197208.6	57	0	63
ENSG00000233006.8	3	6	3
ENSG00000263597.1	0	0	0
ENSG00000197375.13	129	3	126
ENSG00000197536.11	10	67	9
ENSG00000283782.2	0	0	0
ENSG00000238160.1	0	0	0
ENSG00000202533.1	0	0	0
ENSG00000234290.2	12	5	9
ENSG00000125347.14	198	0	325
ENSG00000113525.10	0	0	0
ENSG00000113522.14	26	0	26
ENSG00000223442.1	0	26	0
ENSG00000169194.9	0	0	0
ENSG00000113520.11	0	0	0
ENSG00000230612.3	5	5	0
ENSG00000131437.16	700	0	700
ENSG00000205089.8	0	10	0
ENSG00000164402.14	1529	0	1539
ENSG00000198944.6	0	0	0
ENSG00000272203.1	3	0	3
ENSG00000164403.15	74	0	74
ENSG00000201274.1	0	0	0
ENSG00000164404.8	1	9	1
ENSG00000164405.11	1830	9	1830
ENSG00000164406.8	16	0	16
ENSG00000072364.13	5801	7	5794
ENSG00000235253.1	0	0	0
ENSG00000202417.1	0	0	0
ENSG00000225364.1	0	0	0
ENSG00000272023.1	0	0	0
ENSG00000229738.1	0	0	0
ENSG00000199677.1	0	0	0
ENSG00000155329.12	626	0	626
ENSG00000248648.1	0	0	0
ENSG00000287054.1	4	0	4
ENSG00000286408.1	11	0	11
ENSG00000170606.15	13345	8	13337
ENSG00000279691.1	3	0	3
ENSG00000251616.1	0	0	0
ENSG00000248245.1	2	0	2
ENSG00000240611.1	0	0	0
ENSG00000053108.17	0	0	0
ENSG00000249478.1	0	0	0
ENSG00000250244.5	0	0	0
ENSG00000250409.1	0	0	0
ENSG00000221287.1	0	0	0
ENSG00000280104.1	0	0	0
ENSG00000279197.1	0	0	0
ENSG00000251243.1	0	0	0
ENSG00000249073.1	0	0	0
ENSG00000113583.8	3102	0	3102
ENSG00000213585.11	8423	0	8423
ENSG00000271737.1	0	0	0
ENSG00000271128.1	0	0	0
ENSG00000081059.20	7	9	0
ENSG00000113558.19	4210	2	4210
ENSG00000272772.1	0	0	0
ENSG00000113575.10	5987	2	5985
ENSG00000273345.5	1	0	1
ENSG00000266751.1	0	146	0
ENSG00000270177.1	2	0	2
ENSG00000239615.1	0	0	0
ENSG00000006837.12	12	0	12
ENSG00000119048.8	1179	1	1178
ENSG00000279469.1	0	0	0
ENSG00000248559.1	13	13	0
ENSG00000237190.4	732	0	732
ENSG00000243648.1	10	0	10
ENSG00000250564.2	0	0	0
ENSG00000250994.1	0	0	0
ENSG00000207222.1	0	0	0
ENSG00000251169.2	0	0	0
ENSG00000240250.3	0	0	0
ENSG00000280420.1	0	0	0
ENSG00000043143.20	943	1	942
ENSG00000152700.14	1851	26	1848
ENSG00000207459.1	0	0	0
ENSG00000113615.13	2393	1	2415
ENSG00000201298.1	0	0	0
ENSG00000222266.1	1	0	1
ENSG00000164615.6	1023	0	1023
ENSG00000145833.16	7863	12	7851
ENSG00000241179.1	0	0	0
ENSG00000181904.9	3562	0	3562
ENSG00000270892.1	0	0	0
ENSG00000113621.15	916	0	916
ENSG00000132570.15	315	0	315
ENSG00000279799.1	3	0	3
ENSG00000244921.2	5	4	1
ENSG00000249119.1	9	4	5
ENSG00000248923.1	50	47	3
ENSG00000247627.2	62	15	47
ENSG00000198868.3	2	2	0
ENSG00000263963.1	0	0	0
ENSG00000249192.1	0	0	0
ENSG00000152705.8	4	0	4
ENSG00000069011.16	24	0	24
ENSG00000224186.8	18	1397	13
ENSG00000277619.1	0	0	0
ENSG00000249082.2	0	0	0
ENSG00000248753.1	0	0	0
ENSG00000248482.1	0	0	0
ENSG00000249647.2	0	0	0
ENSG00000113648.16	6427	17	7802
ENSG00000270021.1	0	0	0
ENSG00000251380.3	0	0	0
ENSG00000255833.2	0	0	0
ENSG00000249639.1	0	0	0
ENSG00000181965.6	0	0	0
ENSG00000250167.1	0	0	0
ENSG00000145824.13	2	0	2
ENSG00000145832.14	0	0	0
ENSG00000251045.1	0	0	0
ENSG00000223539.4	0	0	0
ENSG00000265924.1	0	0	0
ENSG00000250378.4	0	0	0
ENSG00000145839.2	0	0	0
ENSG00000254239.1	0	0	0
ENSG00000253927.1	0	0	0
ENSG00000145826.9	0	0	0
ENSG00000164616.16	0	0	0
ENSG00000120708.17	23539	7	23532
ENSG00000270123.4	0	0	0
ENSG00000278815.1	0	0	0
ENSG00000164621.5	0	1	4
ENSG00000277859.1	0	0	0
ENSG00000113658.18	3306	0	3307
ENSG00000275646.1	0	0	0
ENSG00000277524.1	0	0	0
ENSG00000274934.1	0	0	0
ENSG00000271824.2	2	2	0
ENSG00000069018.19	2	2	0
ENSG00000248211.1	5	0	5
ENSG00000250947.1	0	0	0
ENSG00000279240.1	0	0	0
ENSG00000248351.1	0	0	0
ENSG00000213568.4	2	0	2
ENSG00000249803.6	0	0	0
ENSG00000250284.3	0	0	0
ENSG00000248616.1	0	0	0
ENSG00000222285.1	0	0	0
ENSG00000152377.14	3091	0	3091
ENSG00000146021.15	6	0	6
ENSG00000216009.3	0	0	0
ENSG00000177733.7	5124	3	5121
ENSG00000287067.1	0	0	0
ENSG00000270697.1	0	0	0
ENSG00000226306.6	0	0	0
ENSG00000250159.7	22	0	45
ENSG00000120729.10	0	18	0
ENSG00000078795.17	3	170	0
ENSG00000031003.10	1242	0	1415
ENSG00000246323.2	0	11	0
ENSG00000250260.1	0	0	0
ENSG00000222924.1	0	0	0
ENSG00000061492.12	0	0	0
ENSG00000112981.5	0	0	0
ENSG00000212460.1	0	0	0
ENSG00000199880.1	0	0	0
ENSG00000112983.18	1872	0	1875
ENSG00000112984.12	4447	32	4463
ENSG00000094880.11	2116	51	2110
ENSG00000146013.11	0	0	0
ENSG00000249851.1	0	0	0
ENSG00000158402.20	596	0	596
ENSG00000120709.11	1372	0	1570
ENSG00000249971.1	0	197	0
ENSG00000120733.14	2266	1	2265
ENSG00000132563.16	65	0	65
ENSG00000271196.1	0	0	0
ENSG00000120738.8	75	0	75
ENSG00000241458.1	3	0	3
ENSG00000120705.13	13366	3	13363
ENSG00000113013.16	15778	11	15768
ENSG00000222937.1	0	0	0
ENSG00000206989.1	0	0	0
ENSG00000044115.21	12892	19	12883
ENSG00000232174.3	0	0	0
ENSG00000238745.1	0	0	0
ENSG00000253404.1	2	0	2
ENSG00000146006.8	128	0	138
ENSG00000120725.13	93	87	115
ENSG00000201532.1	0	0	0
ENSG00000249593.6	1	29	0
ENSG00000242683.1	1	0	1
ENSG00000252533.1	0	0	0
ENSG00000280987.4	3	0	7
ENSG00000281398.4	1590	0	1661
ENSG00000252213.1	1	0	1
ENSG00000200959.1	6	0	6
ENSG00000015479.20	208	0	208
ENSG00000199545.1	1	0	1
ENSG00000253015.1	0	0	0
ENSG00000120727.13	1774	0	2817
ENSG00000272742.1	0	1043	0
ENSG00000170482.17	7	7	0
ENSG00000170476.16	0	0	0
ENSG00000228672.4	4	0	4
ENSG00000170469.11	23	0	23
ENSG00000170464.10	402	0	402
ENSG00000279686.1	0	0	0
ENSG00000200378.1	0	0	0
ENSG00000249751.4	4	0	4
ENSG00000283288.1	0	0	0
ENSG00000184584.13	73	1	72
ENSG00000249689.1	0	0	0
ENSG00000249215.1	1	0	1
ENSG00000286403.1	0	0	0
ENSG00000131508.16	2660	0	2660
ENSG00000207020.1	0	0	0
ENSG00000275506.1	1	1	0
ENSG00000272255.1	0	0	0
ENSG00000171604.12	152	0	152
ENSG00000250635.1	0	0	0
ENSG00000249526.1	0	0	0
ENSG00000200756.1	0	0	0
ENSG00000249131.2	0	0	0
ENSG00000251387.1	0	0	0
ENSG00000271792.1	0	0	0
ENSG00000146005.4	0	0	0
ENSG00000158458.21	14	0	15
ENSG00000250692.1	0	1	0
ENSG00000207317.1	0	0	0
ENSG00000245146.7	43	21	22
ENSG00000185129.8	1481	1	1480
ENSG00000182700.5	96	0	96
ENSG00000254363.6	1	1	1
ENSG00000120306.11	384	508	380
ENSG00000250069.1	2	0	2
ENSG00000113068.10	1887	2	2389
ENSG00000113070.8	1605	0	1606
ENSG00000253965.1	0	0	0
ENSG00000113073.15	0	0	0
ENSG00000249637.2	7	0	7
ENSG00000222790.1	0	0	0
ENSG00000131503.21	78	4	74
ENSG00000254996.5	56	22	34
ENSG00000200051.1	0	0	0
ENSG00000213523.10	512	134	494
ENSG00000243056.2	0	0	0
ENSG00000113108.19	121	22	100
ENSG00000283155.1	0	0	0
ENSG00000283717.1	0	0	0
ENSG00000176087.15	1583	5	1579
ENSG00000283602.1	0	0	0
ENSG00000200235.1	0	0	0
ENSG00000251453.1	2	0	2
ENSG00000240518.2	0	0	0
ENSG00000170458.14	7	0	7
ENSG00000131495.9	303	27	491
ENSG00000113119.13	199	15	206
ENSG00000113141.18	4355	194	4354
ENSG00000284325.1	0	0	0
ENSG00000120314.18	1185	528	1624
ENSG00000256453.2	0	414	33
ENSG00000170445.16	3533	36	4006
ENSG00000112855.17	1399	1	1403
ENSG00000146007.11	2508	3	2505
ENSG00000199990.1	0	0	0
ENSG00000202111.1	0	0	0
ENSG00000202515.1	13	0	13
ENSG00000250515.1	0	0	0
ENSG00000248106.2	0	0	0
ENSG00000279726.2	4	20	24
ENSG00000204970.10	0	3	6
ENSG00000204969.7	7	7	0
ENSG00000255408.4	6	7	0
ENSG00000204967.12	32	13	23
ENSG00000204965.9	75	15	78
ENSG00000081842.18	11	14	5
ENSG00000204963.6	75	5	70
ENSG00000204962.6	6	0	6
ENSG00000204961.7	1	0	1
ENSG00000278907.1	0	0	0
ENSG00000250120.8	29	3	27
ENSG00000249504.3	0	0	0
ENSG00000278946.1	0	1	0
ENSG00000249158.7	0	0	0
ENSG00000251664.5	0	0	0
ENSG00000278915.1	0	0	0
ENSG00000278901.1	0	0	0
ENSG00000239389.8	0	0	0
ENSG00000248383.5	1	0	1
ENSG00000279028.1	0	0	0
ENSG00000243232.6	20	0	20
ENSG00000279047.4	0	76	0
ENSG00000171815.6	0	0	0
ENSG00000279558.1	0	0	0
ENSG00000112852.7	32	0	108
ENSG00000272154.5	0	9	0
ENSG00000113205.5	17	0	17
ENSG00000272108.1	3	0	3
ENSG00000081818.4	59	0	59
ENSG00000113209.9	4	0	4
ENSG00000280029.4	0	0	0
ENSG00000113211.5	9	0	9
ENSG00000255622.3	0	0	0
ENSG00000280336.1	0	0	0
ENSG00000113212.7	35	0	44
ENSG00000120322.4	7	0	7
ENSG00000279472.1	0	0	0
ENSG00000272674.3	45	0	57
ENSG00000279068.1	0	0	0
ENSG00000278936.1	0	13	0
ENSG00000177839.7	48	0	48
ENSG00000279375.1	5	5	0
ENSG00000120324.9	37	0	37
ENSG00000197479.7	18	0	19
ENSG00000120328.6	95	0	95
ENSG00000187372.11	38	0	38
ENSG00000120327.6	97	0	97
ENSG00000279983.1	0	0	0
ENSG00000146001.5	1	0	1
ENSG00000262096.2	0	0	0
ENSG00000113248.6	11	0	11
ENSG00000277795.1	0	0	0
ENSG00000178913.8	3507	1	3507
ENSG00000120329.7	1	0	1
ENSG00000288095.1	0	0	0
ENSG00000272070.1	0	0	0
ENSG00000204956.5	31	0	31
ENSG00000081853.15	0	0	0
ENSG00000254245.3	0	0	0
ENSG00000254221.2	19	0	24
ENSG00000280026.1	0	5	0
ENSG00000262576.3	15	0	15
ENSG00000253910.2	27	0	27
ENSG00000253485.2	11	0	11
ENSG00000262209.3	8	0	8
ENSG00000253731.3	40	0	40
ENSG00000253537.3	13	0	13
ENSG00000253953.3	0	0	0
ENSG00000253767.2	2	0	2
ENSG00000276547.1	0	0	0
ENSG00000261934.2	5	1	5
ENSG00000253305.2	1	0	1
ENSG00000253846.2	83	0	83
ENSG00000254122.3	53	0	53
ENSG00000253873.6	9	0	9
ENSG00000248449.2	1	0	3
ENSG00000279855.1	0	2	0
ENSG00000253159.3	1	0	1
ENSG00000276545.1	1	0	1
ENSG00000273557.1	5	0	5
ENSG00000240184.7	806	2	804
ENSG00000242020.3	0	0	0
ENSG00000242419.5	13	1	12
ENSG00000240764.4	7	0	7
ENSG00000131504.17	10284	0	10284
ENSG00000246422.2	1	1	0
ENSG00000240974.1	0	0	0
ENSG00000228737.2	2	108	2
ENSG00000171720.10	1370	2	1476
ENSG00000164620.9	48	37	113
ENSG00000197948.11	289	69	322
ENSG00000120318.16	1030	0	1030
ENSG00000286736.1	0	0	0
ENSG00000287527.1	0	0	0
ENSG00000278925.1	0	0	0
ENSG00000156453.14	230	0	230
ENSG00000287726.1	0	0	0
ENSG00000226040.3	9	0	9
ENSG00000081791.9	1050	0	1050
ENSG00000113555.6	22	22	0
ENSG00000271871.1	0	0	0
ENSG00000013561.18	1504	1	1565
ENSG00000254099.1	2	63	0
ENSG00000113552.16	2570	0	2570
ENSG00000250347.1	1	0	1
ENSG00000131507.11	2014	0	2014
ENSG00000280047.1	13	0	13
ENSG00000187678.10	964	5	959
ENSG00000277968.1	0	0	0
ENSG00000274721.1	2	2	0
ENSG00000231185.7	0	0	0
ENSG00000225147.1	0	0	0
ENSG00000113578.18	333	0	333
ENSG00000261757.1	0	0	0
ENSG00000236714.3	0	0	0
ENSG00000287203.1	0	0	0
ENSG00000145819.18	267	0	267
ENSG00000226272.5	0	0	0
ENSG00000285366.1	0	0	0
ENSG00000230789.1	0	0	0
ENSG00000113580.15	3930	0	3930
ENSG00000231579.3	14	0	14
ENSG00000279679.1	0	0	0
ENSG00000279130.1	5	0	5
ENSG00000249429.1	0	0	0
ENSG00000251205.3	0	0	0
ENSG00000253023.1	0	0	0
ENSG00000249881.1	0	0	0
ENSG00000266478.1	0	0	0
ENSG00000225869.4	0	0	0
ENSG00000158497.5	0	0	0
ENSG00000239390.3	0	0	0
ENSG00000145817.17	1530	0	1530
ENSG00000183775.11	1	0	1
ENSG00000249605.1	0	0	0
ENSG00000285605.1	0	0	0
ENSG00000250972.1	0	0	0
ENSG00000213488.4	1	0	1
ENSG00000201423.1	0	0	0
ENSG00000251031.2	0	0	0
ENSG00000249229.2	0	0	0
ENSG00000215325.4	0	0	0
ENSG00000250842.1	0	0	0
ENSG00000248125.2	0	0	0
ENSG00000186314.11	113	0	113
ENSG00000249363.1	0	0	0
ENSG00000204928.2	0	0	0
ENSG00000156463.18	758	0	758
ENSG00000248493.1	0	0	0
ENSG00000173261.9	27	2	38
ENSG00000251556.1	0	422	0
ENSG00000133706.19	8535	0	8943
ENSG00000239602.1	1	0	1
ENSG00000239317.1	4	0	4
ENSG00000275740.1	0	0	0
ENSG00000091009.8	1246	0	1246
ENSG00000238374.1	0	0	0
ENSG00000250025.2	1	1	0
ENSG00000091010.6	3	0	3
ENSG00000271724.1	0	0	0
ENSG00000248842.1	0	0	0
ENSG00000113649.11	5347	1	5346
ENSG00000277568.1	0	0	0
ENSG00000173250.2	1	1	0
ENSG00000250407.1	0	0	0
ENSG00000156475.18	15	0	15
ENSG00000280646.2	0	0	0
ENSG00000241291.3	0	0	0
ENSG00000248568.1	0	0	0
ENSG00000249553.1	0	0	0
ENSG00000286468.1	0	0	0
ENSG00000250343.1	0	0	0
ENSG00000169302.16	13	0	13
ENSG00000113657.13	3595	1	3594
ENSG00000272239.1	0	0	0
ENSG00000280780.2	0	8	0
ENSG00000176049.16	67	0	75
ENSG00000287630.1	0	0	0
ENSG00000164266.11	11	0	11
ENSG00000249518.1	0	0	0
ENSG00000164265.9	0	0	0
ENSG00000178776.5	31	0	31
ENSG00000248362.1	6	0	6
ENSG00000251320.1	10	10	0
ENSG00000250346.1	1	0	1
ENSG00000133710.16	0	0	0
ENSG00000247199.5	15	0	20
ENSG00000196800.6	0	0	0
ENSG00000178172.7	0	0	0
ENSG00000249503.1	0	0	0
ENSG00000248109.3	0	0	0
ENSG00000214510.10	0	0	0
ENSG00000249834.3	0	0	0
ENSG00000145879.11	0	0	0
ENSG00000204909.8	0	5	0
ENSG00000283653.1	0	0	0
ENSG00000145868.17	1810	1	1809
ENSG00000274799.1	4	0	4
ENSG00000251330.3	0	0	0
ENSG00000164270.18	0	0	0
ENSG00000253297.1	0	0	0
ENSG00000169252.6	271	0	271
ENSG00000169247.14	2809	0	2809
ENSG00000272411.1	0	0	0
ENSG00000251842.1	0	0	0
ENSG00000207714.3	0	0	0
ENSG00000250072.6	53	0	53
ENSG00000200161.1	0	0	0
ENSG00000173210.20	2016	1	2072
ENSG00000248647.2	0	0	0
ENSG00000253406.1	5	62	0
ENSG00000157510.14	461	0	461
ENSG00000285736.1	0	0	0
ENSG00000164284.15	2620	1	2670
ENSG00000253618.1	0	51	0
ENSG00000145882.11	51	0	51
ENSG00000127743.6	0	0	0
ENSG00000253865.1	0	0	0
ENSG00000249669.10	0	0	0
ENSG00000275871.1	0	0	0
ENSG00000284182.1	0	0	0
ENSG00000276365.1	0	0	0
ENSG00000113712.19	5732	3	5729
ENSG00000230551.4	410	0	410
ENSG00000241112.1	0	0	0
ENSG00000183111.12	13	0	13
ENSG00000222213.1	0	0	0
ENSG00000287323.1	0	0	0
ENSG00000221043.2	0	0	0
ENSG00000242928.3	0	0	0
ENSG00000155846.17	423	0	423
ENSG00000199047.3	0	0	0
ENSG00000132915.11	4	2	4
ENSG00000251583.1	4	0	4
ENSG00000200334.1	0	0	0
ENSG00000155850.8	2800	1	2800
ENSG00000164296.7	74	0	81
ENSG00000113716.13	1733	6	1740
ENSG00000248696.1	0	0	0
ENSG00000241907.1	2	7	0
ENSG00000182578.14	5	1	4
ENSG00000214485.6	3291	0	3291
ENSG00000199409.1	0	0	0
ENSG00000113721.14	7	0	7
ENSG00000113722.17	0	0	0
ENSG00000011083.9	0	1	0
ENSG00000070808.16	0	0	0
ENSG00000183876.9	20	0	20
ENSG00000070814.22	5631	15	5850
ENSG00000019582.15	7703	241	7697
ENSG00000286331.1	2	2	0
ENSG00000164587.13	10642	18	10624
ENSG00000254333.1	0	7	0
ENSG00000070614.15	5126	5	5128
ENSG00000171992.13	171	0	171
ENSG00000253852.1	0	0	0
ENSG00000286657.1	0	0	0
ENSG00000164591.14	2	0	2
ENSG00000250309.2	0	0	0
ENSG00000086589.12	2477	1	2476
ENSG00000132912.13	3473	0	3473
ENSG00000256235.2	106	0	106
ENSG00000237693.4	0	0	0
ENSG00000145908.12	513	6	507
ENSG00000197083.11	0	0	0
ENSG00000274235.1	0	0	0
ENSG00000277866.1	0	0	0
ENSG00000211445.12	31	22	9
ENSG00000145901.16	1743	0	1743
ENSG00000197043.14	2867	0	2867
ENSG00000254298.1	0	0	0
ENSG00000285420.1	0	0	0
ENSG00000198624.13	54	0	54
ENSG00000196743.9	761	0	761
ENSG00000186334.10	0	0	0
ENSG00000186335.9	0	0	0
ENSG00000270904.1	0	0	0
ENSG00000253897.2	0	0	0
ENSG00000253472.1	0	0	0
ENSG00000271494.1	0	0	0
ENSG00000123643.13	545	0	545
ENSG00000200227.1	0	0	0
ENSG00000086570.12	11	13	0
ENSG00000271795.1	8	0	10
ENSG00000276622.1	0	0	0
ENSG00000288081.1	0	0	0
ENSG00000260581.1	3	3	0
ENSG00000113140.11	18381	7	18376
ENSG00000249035.7	12	18	3
ENSG00000222102.1	0	0	0
ENSG00000272112.1	0	0	7
ENSG00000177556.12	1049	11	1049
ENSG00000253921.1	5	5	0
ENSG00000213433.5	7	0	7
ENSG00000275765.5	11	0	11
ENSG00000145907.16	20689	9	20691
ENSG00000145888.11	3	5	0
ENSG00000270978.1	0	0	2
ENSG00000222308.1	0	0	0
ENSG00000254226.6	0	0	0
ENSG00000286749.1	0	0	0
ENSG00000132911.5	2	0	2
ENSG00000242080.1	0	0	0
ENSG00000249484.9	0	0	0
ENSG00000155511.18	0	0	0
ENSG00000242976.3	0	0	0
ENSG00000251183.1	0	0	0
ENSG00000261382.1	0	0	0
ENSG00000055147.19	750	0	750
ENSG00000037749.12	1927	0	1927
ENSG00000164574.16	586	4	639
ENSG00000245275.8	54	95	16
ENSG00000253119.1	1	0	1
ENSG00000287695.1	0	0	0
ENSG00000221430.1	0	0	0
ENSG00000241963.3	0	0	0
ENSG00000164576.12	704	0	704
ENSG00000113196.3	0	0	0
ENSG00000254293.1	0	0	0
ENSG00000253886.1	1	0	1
ENSG00000253146.1	1	0	1
ENSG00000264760.1	0	0	0
ENSG00000221552.1	0	0	0
ENSG00000274472.1	0	0	0
ENSG00000155506.18	11202	12	11190
ENSG00000272197.2	0	0	0
ENSG00000241187.1	0	0	0
ENSG00000170271.11	62	91	0
ENSG00000277039.1	2	0	2
ENSG00000263361.1	0	0	0
ENSG00000155508.14	1680	2	1707
ENSG00000082516.9	2593	6	2587
ENSG00000082515.18	679	0	679
ENSG00000253261.1	0	0	0
ENSG00000226650.6	36	0	36
ENSG00000287963.1	0	0	0
ENSG00000253646.1	0	0	0
ENSG00000271477.1	0	0	0
ENSG00000270442.1	2	0	2
ENSG00000200275.1	0	0	0
ENSG00000170624.13	50	0	50
ENSG00000286690.1	0	0	0
ENSG00000253370.2	0	0	0
ENSG00000254163.1	0	0	0
ENSG00000199468.1	0	0	0
ENSG00000231989.5	83	0	83
ENSG00000145850.9	0	0	0
ENSG00000270560.1	0	0	0
ENSG00000113249.13	0	0	0
ENSG00000135077.9	4	0	4
ENSG00000254246.1	0	0	0
ENSG00000155868.8	430	0	430
ENSG00000113263.13	18	0	18
ENSG00000170613.4	0	0	0
ENSG00000253980.1	0	0	0
ENSG00000253653.1	0	0	0
ENSG00000055163.20	2219	6	2384
ENSG00000285868.1	15	160	15
ENSG00000172568.5	0	0	0
ENSG00000251405.3	4	4	0
ENSG00000248544.2	4	1	5
ENSG00000135074.16	1584	9	1584
ENSG00000253155.1	0	0	0
ENSG00000172548.14	14	0	14
ENSG00000253519.1	0	0	0
ENSG00000252068.1	0	0	0
ENSG00000254336.1	0	0	0
ENSG00000039600.11	0	0	0
ENSG00000187658.7	0	0	0
ENSG00000253798.2	0	0	0
ENSG00000113272.14	555	6	549
ENSG00000155858.6	491	0	491
ENSG00000253630.1	0	0	0
ENSG00000113282.14	5292	3	5289
ENSG00000206819.1	0	0	0
ENSG00000244331.1	0	0	0
ENSG00000222626.1	0	0	0
ENSG00000253743.1	0	0	0
ENSG00000213414.3	4	0	4
ENSG00000253422.1	0	0	0
ENSG00000253792.1	0	0	0
ENSG00000253673.1	0	0	0
ENSG00000254047.2	0	0	0
ENSG00000253449.1	0	0	0
ENSG00000253424.1	0	0	0
ENSG00000253134.1	0	0	0
ENSG00000276778.1	0	0	0
ENSG00000254350.1	0	0	0
ENSG00000272085.1	0	0	0
ENSG00000254135.3	0	0	0
ENSG00000164330.17	33	1	32
ENSG00000253811.1	0	0	0
ENSG00000253456.1	0	0	0
ENSG00000245812.3	0	0	0
ENSG00000279204.1	0	0	0
ENSG00000145860.12	2879	2	2877
ENSG00000253256.1	0	0	0
ENSG00000253315.1	0	0	0
ENSG00000252458.1	0	0	0
ENSG00000164332.8	2480	0	2480
ENSG00000249738.10	3	0	3
ENSG00000113302.5	0	0	0
ENSG00000221601.1	0	0	0
ENSG00000253298.2	0	0	0
ENSG00000283413.1	0	0	0
ENSG00000253311.3	1	1	0
ENSG00000170214.5	85	0	85
ENSG00000248626.1	4	0	4
ENSG00000199398.1	0	0	0
ENSG00000113312.11	3354	2	3352
ENSG00000223908.5	0	0	0
ENSG00000170234.13	792	13	779
ENSG00000170231.16	132	5	127
ENSG00000247699.2	0	0	0
ENSG00000253772.1	0	0	0
ENSG00000135083.16	830	1	829
ENSG00000254373.1	42	0	42
ENSG00000270612.1	0	0	0
ENSG00000145861.9	9	0	9
ENSG00000221886.4	160	0	160
ENSG00000164609.10	2241	2	2239
ENSG00000164611.13	2977	3	2974
ENSG00000253522.6	62	0	62
ENSG00000265237.1	0	0	0
ENSG00000283733.1	0	0	0
ENSG00000118322.14	10	0	10
ENSG00000253687.1	0	0	0
ENSG00000254391.1	0	0	0
ENSG00000253417.5	0	0	0
ENSG00000145864.14	117	0	117
ENSG00000145863.11	7	0	7
ENSG00000253403.1	0	0	0
ENSG00000118990.5	0	0	0
ENSG00000022355.18	3	0	3
ENSG00000280776.2	0	0	0
ENSG00000113327.17	1	0	1
ENSG00000254186.3	0	0	0
ENSG00000201474.1	0	0	0
ENSG00000254351.1	0	0	0
ENSG00000249449.1	0	0	0
ENSG00000250114.1	0	0	0
ENSG00000113328.19	6132	4	6128
ENSG00000170584.11	750	23	727
ENSG00000072571.20	3171	3	3409
ENSG00000251018.2	0	241	0
ENSG00000038274.17	2213	0	2213
ENSG00000285590.1	0	0	0
ENSG00000224012.3	0	0	0
ENSG00000251998.1	0	0	0
ENSG00000273569.1	0	0	0
ENSG00000271679.1	0	0	0
ENSG00000253331.1	0	0	0
ENSG00000253538.1	0	0	0
ENSG00000241956.10	0	0	0
ENSG00000253236.2	0	0	0
ENSG00000253600.1	0	0	0
ENSG00000206845.1	0	0	0
ENSG00000285549.1	0	0	0
ENSG00000254066.2	0	0	0
ENSG00000253693.1	0	0	0
ENSG00000252794.1	0	0	0
ENSG00000253512.1	0	0	0
ENSG00000253946.1	0	0	0
ENSG00000254252.1	0	0	0
ENSG00000254171.1	0	0	0
ENSG00000229119.3	645	4	641
ENSG00000254130.1	0	0	0
ENSG00000253713.1	0	0	0
ENSG00000253469.1	0	0	0
ENSG00000145934.16	52	0	52
ENSG00000254365.1	0	0	0
ENSG00000254297.1	0	0	0
ENSG00000253527.1	0	0	0
ENSG00000254187.1	0	0	0
ENSG00000253357.1	0	0	0
ENSG00000253660.1	0	0	0
ENSG00000253947.1	0	0	0
ENSG00000253065.1	0	0	0
ENSG00000253925.1	0	0	0
ENSG00000279739.1	0	0	0
ENSG00000253978.2	3	0	3
ENSG00000113645.15	1054	1	1053
ENSG00000113643.9	8019	5	8014
ENSG00000188573.8	2	0	2
ENSG00000120137.7	12843	0	12843
ENSG00000253861.1	0	0	0
ENSG00000199035.2	0	0	0
ENSG00000283612.1	0	0	0
ENSG00000233913.7	166	0	166
ENSG00000254192.1	0	1	0
ENSG00000184347.15	3	0	4
ENSG00000254042.2	0	0	0
ENSG00000207739.1	0	0	0
ENSG00000202345.1	0	0	0
ENSG00000248965.1	0	0	0
ENSG00000279752.1	0	0	0
ENSG00000248222.5	0	0	0
ENSG00000207619.1	0	0	0
ENSG00000206614.1	0	0	0
ENSG00000040275.17	4094	0	4094
ENSG00000134516.18	23	6	17
ENSG00000253269.1	0	0	0
ENSG00000204767.4	3144	1	3143
ENSG00000263831.1	0	0	0
ENSG00000168269.10	0	0	0
ENSG00000253219.1	0	0	0
ENSG00000249601.2	0	0	0
ENSG00000234511.10	0	0	0
ENSG00000043462.13	0	0	0
ENSG00000288615.1	0	0	0
ENSG00000235172.8	5	0	5
ENSG00000250274.2	0	0	0
ENSG00000182132.14	0	0	0
ENSG00000145936.9	0	0	0
ENSG00000253647.1	0	0	0
ENSG00000253858.1	0	0	0
ENSG00000253591.2	0	0	0
ENSG00000253348.1	0	0	0
ENSG00000094755.17	0	0	0
ENSG00000204764.14	149	0	149
ENSG00000244501.3	0	0	0
ENSG00000253966.1	2	0	2
ENSG00000253213.1	2	0	2
ENSG00000275038.2	0	0	0
ENSG00000164438.6	0	0	0
ENSG00000213393.5	0	0	0
ENSG00000265740.2	0	0	0
ENSG00000254256.1	8	0	8
ENSG00000206909.1	1	0	1
ENSG00000254012.1	229	0	229
ENSG00000264249.1	0	0	0
ENSG00000181163.14	46891	39	46852
ENSG00000156427.8	0	0	0
ENSG00000288639.1	0	0	0
ENSG00000285914.1	0	0	0
ENSG00000253110.1	0	0	0
ENSG00000185662.10	0	0	0
ENSG00000072803.17	3949	0	3949
ENSG00000072786.13	1190	3	1187
ENSG00000214360.5	5	5	0
ENSG00000168246.6	1350	0	1350
ENSG00000212529.1	0	0	0
ENSG00000253218.1	2	0	2
ENSG00000174705.13	400	0	400
ENSG00000287814.1	0	0	0
ENSG00000254299.3	0	0	0
ENSG00000280318.1	0	0	0
ENSG00000214357.9	244	0	272
ENSG00000253683.1	895	0	895
ENSG00000265160.1	0	0	0
ENSG00000253445.1	0	28	0
ENSG00000253295.2	0	0	0
ENSG00000213386.3	0	0	0
ENSG00000253736.3	0	0	0
ENSG00000120129.6	283	0	283
ENSG00000206741.1	0	0	0
ENSG00000270243.1	0	0	0
ENSG00000253628.2	0	0	0
ENSG00000113719.16	2627	1	2626
ENSG00000204758.8	16	7	13
ENSG00000254295.1	0	2	2
ENSG00000037241.7	755	0	755
ENSG00000253785.1	26	0	26
ENSG00000113732.9	1482	0	1482
ENSG00000254328.1	0	0	0
ENSG00000212402.1	1	0	1
ENSG00000207210.1	0	0	0
ENSG00000164463.12	490	0	490
ENSG00000253439.1	0	0	0
ENSG00000253172.1	0	0	0
ENSG00000113734.18	374	0	374
ENSG00000254200.1	0	0	0
ENSG00000183072.10	0	0	0
ENSG00000201277.1	0	0	0
ENSG00000252169.1	0	0	0
ENSG00000113739.10	4832	3	4829
ENSG00000274994.1	0	0	0
ENSG00000199219.1	0	0	0
ENSG00000253968.2	0	0	0
ENSG00000253141.2	0	0	0
ENSG00000253768.1	0	0	0
ENSG00000254164.1	0	0	0
ENSG00000253955.2	0	0	0
ENSG00000145919.11	1122	0	1122
ENSG00000253959.1	0	0	0
ENSG00000253428.1	0	0	0
ENSG00000253686.2	0	0	0
ENSG00000287003.1	0	0	0
ENSG00000254211.6	0	0	0
ENSG00000113742.14	1419	0	1419
ENSG00000185056.10	0	0	0
ENSG00000253109.1	0	0	0
ENSG00000170091.11	0	0	0
ENSG00000253244.1	0	0	0
ENSG00000253447.6	0	0	0
ENSG00000254011.1	0	0	0
ENSG00000249722.1	0	0	0
ENSG00000249306.6	6	0	6
ENSG00000213376.4	0	0	0
ENSG00000249031.1	5	0	5
ENSG00000250256.1	0	0	0
ENSG00000248929.1	0	0	0
ENSG00000120149.9	73	0	73
ENSG00000251670.1	0	0	0
ENSG00000266890.1	0	0	0
ENSG00000251144.1	0	0	0
ENSG00000204754.3	0	0	0
ENSG00000251122.1	0	0	0
ENSG00000248293.1	0	0	0
ENSG00000249403.1	0	0	0
ENSG00000248355.1	0	0	0
ENSG00000184845.4	0	0	0
ENSG00000286350.1	0	0	0
ENSG00000164466.13	3772	0	3772
ENSG00000270839.1	0	0	0
ENSG00000222111.1	0	0	0
ENSG00000113749.7	0	0	0
ENSG00000200648.1	0	0	0
ENSG00000145920.15	0	0	0
ENSG00000280068.1	0	0	0
ENSG00000250820.1	0	0	0
ENSG00000051596.10	161	0	161
ENSG00000250801.2	0	0	0
ENSG00000272494.1	0	0	0
ENSG00000250992.2	0	0	0
ENSG00000248469.1	0	0	0
ENSG00000182230.12	0	0	0
ENSG00000285476.1	0	0	0
ENSG00000251623.2	0	0	0
ENSG00000251458.1	0	0	0
ENSG00000283559.2	0	0	0
ENSG00000248596.8	0	0	0
ENSG00000287579.1	0	0	0
ENSG00000283235.2	7	0	7
ENSG00000270989.1	0	0	0
ENSG00000170085.18	428	0	428
ENSG00000251667.1	3	0	3
ENSG00000122203.15	2558	3	2711
ENSG00000250909.1	5	159	2
ENSG00000251414.1	4	4	0
ENSG00000175414.7	1527	272	1521
ENSG00000221464.1	0	0	0
ENSG00000048162.21	1608	79	1863
ENSG00000146066.3	475	1	542
ENSG00000175416.16	804	0	804
ENSG00000280139.1	0	0	0
ENSG00000113194.13	4280	0	4280
ENSG00000146083.12	908	0	908
ENSG00000074276.10	22	80	0
ENSG00000243959.3	0	0	0
ENSG00000207420.1	0	0	0
ENSG00000169258.7	805	0	863
ENSG00000074317.11	4	0	4
ENSG00000266329.1	0	0	0
ENSG00000175766.13	0	0	0
ENSG00000048140.18	754	0	754
ENSG00000248484.1	0	0	0
ENSG00000251446.1	0	0	0
ENSG00000248859.2	0	0	0
ENSG00000113763.12	4	0	4
ENSG00000160883.11	0	0	0
ENSG00000087206.17	1113	0	1113
ENSG00000113761.12	567	0	567
ENSG00000251666.1	22	0	22
ENSG00000160867.15	199	0	199
ENSG00000165671.21	3110	3	3110
ENSG00000286634.1	4	0	4
ENSG00000240729.1	0	0	0
ENSG00000270706.1	1	0	4
ENSG00000169228.14	22	1	21
ENSG00000213347.10	97	2779	96
ENSG00000169230.10	988	3	3766
ENSG00000169223.15	1976	0	1976
ENSG00000239393.1	0	0	0
ENSG00000169220.18	131	0	131
ENSG00000131183.11	2	2	0
ENSG00000196570.3	0	0	0
ENSG00000131187.10	4	0	4
ENSG00000198055.11	498	55	457
ENSG00000246334.2	65	3	76
ENSG00000131188.12	77	2	75
ENSG00000113758.13	2750	1	2749
ENSG00000279821.1	62	0	62
ENSG00000196923.14	964	3	961
ENSG00000248996.1	2	4	0
ENSG00000146094.15	109	1	110
ENSG00000183258.12	1356	2	1354
ENSG00000146067.16	288	3	288
ENSG00000272459.1	0	0	0
ENSG00000184840.12	1577	0	1577
ENSG00000027847.14	228	0	228
ENSG00000247679.3	38	13	25
ENSG00000246596.7	7	0	7
ENSG00000249849.1	0	0	0
ENSG00000170074.19	0	0	0
ENSG00000249109.1	0	0	0
ENSG00000248943.1	0	0	0
ENSG00000170089.15	141	0	141
ENSG00000214351.5	0	0	0
ENSG00000249186.2	0	0	0
ENSG00000250101.1	0	0	0
ENSG00000249684.6	5	0	5
ENSG00000280207.1	0	0	0
ENSG00000249129.1	36	0	36
ENSG00000175325.2	1	0	1
ENSG00000204677.13	100	1	99
ENSG00000218227.3	0	0	0
ENSG00000145911.6	3	1	2
ENSG00000145916.19	525	737	468
ENSG00000145912.9	887	22	1545
ENSG00000251211.1	2	0	2
ENSG00000244234.3	6	0	6
ENSG00000197451.12	5168	6	6064
ENSG00000175309.15	288	950	240
ENSG00000050767.17	0	0	0
ENSG00000271681.1	0	0	0
ENSG00000253698.1	0	0	0
ENSG00000242341.3	0	0	0
ENSG00000245688.1	0	0	0
ENSG00000113240.13	310	0	310
ENSG00000252464.1	0	0	0
ENSG00000286713.1	0	0	0
ENSG00000285891.1	0	0	0
ENSG00000285978.1	0	0	0
ENSG00000169131.13	227	0	227
ENSG00000250420.8	0	0	0
ENSG00000274813.1	0	0	0
ENSG00000253725.1	0	0	0
ENSG00000278441.1	0	0	0
ENSG00000178338.11	334	0	334
ENSG00000206624.1	0	0	0
ENSG00000198939.8	2	0	2
ENSG00000213328.3	0	0	0
ENSG00000253869.1	3	0	3
ENSG00000272431.1	0	0	0
ENSG00000178187.8	0	0	0
ENSG00000254035.1	0	0	0
ENSG00000113262.16	0	0	0
ENSG00000254158.1	0	0	0
ENSG00000234284.7	51	0	51
ENSG00000177932.7	960	8	1047
ENSG00000253144.1	0	87	8
ENSG00000087116.16	5	0	5
ENSG00000253979.1	0	0	0
ENSG00000253163.1	0	0	0
ENSG00000253617.2	0	0	0
ENSG00000250674.1	0	0	0
ENSG00000274716.1	0	0	0
ENSG00000253652.1	0	0	0
ENSG00000251545.2	0	0	0
ENSG00000253520.1	0	0	0
ENSG00000176783.15	662	2	705
ENSG00000249140.1	0	0	0
ENSG00000244945.1	3	48	0
ENSG00000169045.17	22946	10	22936
ENSG00000273549.1	0	0	0
ENSG00000204661.9	0	0	0
ENSG00000228259.3	0	0	0
ENSG00000250999.2	4	0	4
ENSG00000204659.5	0	0	0
ENSG00000127022.15	26179	18	26161
ENSG00000225051.5	0	0	0
ENSG00000161021.13	1689	0	1689
ENSG00000213316.10	2	0	2
ENSG00000161013.17	1701	5	1702
ENSG00000221394.1	0	0	0
ENSG00000161011.20	2199	65	4144
ENSG00000161010.15	244	2045	205
ENSG00000222448.1	2	2	0
ENSG00000252202.1	0	0	0
ENSG00000245317.2	8	4	6
ENSG00000197226.13	2471	2	2469
ENSG00000113269.14	856	0	1030
ENSG00000242979.1	0	0	0
ENSG00000249876.1	0	0	0
ENSG00000249412.1	1	2	0
ENSG00000285865.1	0	173	0
ENSG00000198995.3	0	0	0
ENSG00000278965.1	0	0	0
ENSG00000253480.1	1	0	1
ENSG00000146090.16	3	0	3
ENSG00000229721.3	0	0	0
ENSG00000050748.18	1472	2	1470
ENSG00000253908.1	2	2	0
ENSG00000248367.1	3	0	3
ENSG00000131459.13	183	0	183
ENSG00000250509.2	0	0	0
ENSG00000200555.1	0	0	0
ENSG00000113300.13	2313	1	2312
ENSG00000250749.1	0	0	0
ENSG00000161055.4	0	0	0
ENSG00000037280.16	16	0	16
ENSG00000251352.1	0	0	0
ENSG00000248717.1	0	0	0
ENSG00000236791.2	0	0	0
ENSG00000199892.2	0	0	0
ENSG00000174339.2	0	0	0
ENSG00000131446.17	1269	0	1269
ENSG00000280161.1	0	0	0
ENSG00000278970.2	28	1	128
ENSG00000245060.8	32	101	121
ENSG00000286128.1	0	87	0
ENSG00000196670.14	1010	0	1010
ENSG00000113303.12	5	0	5
ENSG00000222852.1	0	0	0
ENSG00000243664.1	0	0	0
ENSG00000249287.1	0	0	0
ENSG00000248761.1	0	0	0
ENSG00000231228.4	0	0	0
ENSG00000168903.9	0	0	0
ENSG00000206686.1	0	0	0
ENSG00000165810.17	0	0	0
ENSG00000277912.1	0	0	0
ENSG00000241870.1	0	0	0
ENSG00000214295.4	0	0	0
ENSG00000248560.1	0	0	0
ENSG00000185372.3	0	0	0
ENSG00000182613.3	0	0	0
ENSG00000248473.2	0	0	0
ENSG00000250222.2	0	11	7
ENSG00000146054.18	127	10	140
ENSG00000250900.6	1	6	0
ENSG00000248514.1	0	0	0
ENSG00000286644.1	0	0	0
ENSG00000146063.20	728	9	781
ENSG00000264732.1	0	0	0
ENSG00000247049.2	0	62	0
ENSG00000204628.12	31818	30	31807
ENSG00000272296.1	0	0	0
ENSG00000264549.1	0	0	0
ENSG00000233937.7	25	178	194
ENSG00000183718.5	264	207	374
ENSG00000248275.2	57	0	57
ENSG00000286310.1	0	0	0
ENSG00000248103.1	26	0	26
ENSG00000274525.1	5	0	5
ENSG00000222533.1	5	0	5
ENSG00000238035.8	13	0	13
ENSG00000274553.1	0	0	0
ENSG00000250765.6	0	0	0
ENSG00000230178.1	0	0	0
ENSG00000251035.1	0	0	0
ENSG00000213285.4	5	0	5
