N_unmapped	503	503	503
N_multimapping	48478	48478	48478
N_noFeature	120423	1413413	125045
N_ambiguous	94653	306	46296
ENSG00000250020.1	0	0	0
ENSG00000153404.14	153	0	153
ENSG00000199540.1	0	0	0
ENSG00000185028.4	0	0	0
ENSG00000261434.1	0	0	0
ENSG00000164366.4	495	0	495
ENSG00000260774.1	7	0	7
ENSG00000073578.17	279	0	279
ENSG00000286001.1	11	0	11
ENSG00000248925.1	2	1	1
ENSG00000249915.8	290	2	288
ENSG00000288622.1	1	0	1
ENSG00000250848.1	19	17	2
ENSG00000063438.19	62	0	62
ENSG00000214278.4	2	2	0
ENSG00000250645.1	4	0	4
ENSG00000221990.4	70	9	61
ENSG00000180104.16	2348	163	2451
ENSG00000188242.4	3	3	0
ENSG00000066230.12	16	41	1
ENSG00000225138.8	98	2	122
ENSG00000250385.2	0	0	0
ENSG00000264233.1	0	0	0
ENSG00000249650.1	0	0	0
ENSG00000112877.8	226	2	234
ENSG00000171368.12	17	18	9
ENSG00000271781.1	14	0	14
ENSG00000206077.13	1	0	1
ENSG00000249908.2	0	0	0
ENSG00000285522.1	0	0	0
ENSG00000188818.12	17	0	17
ENSG00000247872.2	0	0	0
ENSG00000028310.18	2109	18	2093
ENSG00000071539.14	3001	0	3003
ENSG00000287600.1	10	6	4
ENSG00000248949.1	0	0	0
ENSG00000250173.1	0	0	0
ENSG00000215246.5	0	0	0
ENSG00000272347.1	0	0	0
ENSG00000145506.14	0	0	0
ENSG00000113504.21	165	0	165
ENSG00000263834.1	0	0	0
ENSG00000249201.2	0	0	0
ENSG00000174358.16	0	0	0
ENSG00000164363.10	0	0	0
ENSG00000287486.1	1	5	0
ENSG00000164362.21	24	0	28
ENSG00000263670.1	0	0	0
ENSG00000049656.14	4996	2	4994
ENSG00000286388.1	117	0	117
ENSG00000250584.3	3	0	3
ENSG00000248951.2	0	0	0
ENSG00000279908.1	0	0	0
ENSG00000142319.18	0	0	0
ENSG00000153395.10	1897	1	1896
ENSG00000273742.1	0	0	0
ENSG00000251532.1	0	0	0
ENSG00000185986.12	12	0	12
ENSG00000271119.1	5	5	0
ENSG00000248126.1	0	0	0
ENSG00000188002.10	25	0	25
ENSG00000232615.4	39	0	39
ENSG00000288549.1	0	0	0
ENSG00000263746.1	0	0	0
ENSG00000260066.1	0	0	0
ENSG00000171421.13	960	1	959
ENSG00000145494.12	1089	1	1088
ENSG00000249966.1	0	0	0
ENSG00000250417.1	0	0	0
ENSG00000279222.1	0	0	0
ENSG00000113430.10	0	0	0
ENSG00000249116.1	0	0	0
ENSG00000249326.1	0	0	0
ENSG00000288108.1	0	0	0
ENSG00000248994.2	1	0	1
ENSG00000248597.2	0	0	0
ENSG00000249731.1	0	0	0
ENSG00000201026.1	0	0	0
ENSG00000275733.1	0	0	0
ENSG00000281560.1	0	0	0
ENSG00000259757.1	0	0	0
ENSG00000170561.13	0	0	0
ENSG00000186493.13	0	0	0
ENSG00000249541.1	0	0	0
ENSG00000248137.1	0	0	0
ENSG00000248736.3	0	0	0
ENSG00000249808.3	0	0	0
ENSG00000248118.2	0	0	0
ENSG00000249830.1	0	0	0
ENSG00000250716.1	0	0	0
ENSG00000170549.4	0	0	0
ENSG00000259603.1	0	0	0
ENSG00000248962.1	0	0	0
ENSG00000249994.1	0	0	0
ENSG00000250921.2	0	0	0
ENSG00000260763.1	0	0	0
ENSG00000248973.3	0	0	0
ENSG00000231291.3	0	0	0
ENSG00000251371.1	0	0	0
ENSG00000249521.1	0	0	0
ENSG00000248311.1	0	0	0
ENSG00000249941.1	0	0	0
ENSG00000251506.1	0	0	0
ENSG00000250481.2	0	0	0
ENSG00000215231.8	0	0	0
ENSG00000251426.1	0	0	0
ENSG00000250529.1	0	0	0
ENSG00000223007.1	0	0	0
ENSG00000250579.2	0	0	0
ENSG00000145536.15	350	2	348
ENSG00000250866.1	0	0	0
ENSG00000251568.1	0	0	0
ENSG00000286753.1	17	0	17
ENSG00000248729.1	0	0	0
ENSG00000250808.1	2	0	2
ENSG00000251476.2	0	0	0
ENSG00000164151.12	5516	1	5515
ENSG00000286986.1	0	0	0
ENSG00000261037.1	0	0	0
ENSG00000259861.1	0	0	0
ENSG00000278913.1	1	1	0
ENSG00000250730.2	0	0	0
ENSG00000250490.1	0	0	0
ENSG00000133398.4	1096	0	1096
ENSG00000287031.1	2	0	2
ENSG00000215218.4	0	0	0
ENSG00000271230.1	0	0	0
ENSG00000250056.8	6	356	0
ENSG00000037474.15	6369	0	6719
ENSG00000145545.12	708	0	708
ENSG00000248677.2	1	0	1
ENSG00000112941.14	1507	0	1507
ENSG00000251365.4	97	1	96
ENSG00000272071.1	15	0	15
ENSG00000283420.1	0	0	0
ENSG00000250974.4	0	0	0
ENSG00000200243.1	0	0	0
ENSG00000250060.2	0	0	0
ENSG00000212258.1	0	0	0
ENSG00000287790.1	0	0	0
ENSG00000286254.1	0	0	0
ENSG00000237611.2	0	0	0
ENSG00000285689.1	0	0	0
ENSG00000248775.1	0	0	0
ENSG00000251250.3	1	0	1
ENSG00000205976.4	0	0	0
ENSG00000251678.1	0	0	0
ENSG00000250668.2	0	0	0
ENSG00000249638.1	0	0	0
ENSG00000249865.1	0	0	0
ENSG00000223597.3	0	0	0
ENSG00000078295.17	1	0	1
ENSG00000250761.2	0	0	0
ENSG00000215217.7	0	0	0
ENSG00000124275.15	1938	77	1932
ENSG00000124279.12	588	0	659
ENSG00000251168.1	0	0	0
ENSG00000199773.1	0	0	0
ENSG00000287947.1	0	0	0
ENSG00000280338.1	0	0	0
ENSG00000280251.1	0	0	0
ENSG00000249486.1	0	0	0
ENSG00000288002.1	0	0	0
ENSG00000245729.2	0	0	0
ENSG00000249159.6	0	0	0
ENSG00000251549.2	0	0	0
ENSG00000272049.1	3	0	3
ENSG00000247516.8	146	2	144
ENSG00000250037.1	0	0	0
ENSG00000279075.1	3	0	3
ENSG00000284000.1	0	0	0
ENSG00000249782.2	0	0	0
ENSG00000279097.1	0	0	0
ENSG00000279264.1	0	0	0
ENSG00000250389.1	0	0	0
ENSG00000248765.1	0	0	0
ENSG00000279002.1	0	0	0
ENSG00000280373.1	0	0	0
ENSG00000279125.1	0	0	0
ENSG00000280438.1	0	0	0
ENSG00000278877.1	0	0	0
ENSG00000260981.1	0	0	0
ENSG00000280185.1	0	0	0
ENSG00000250198.3	5	2	3
ENSG00000279635.1	0	0	0
ENSG00000250619.1	0	1	0
ENSG00000112902.12	31	0	32
ENSG00000266415.1	0	0	0
ENSG00000248537.1	0	0	0
ENSG00000279698.1	0	0	0
ENSG00000251370.1	0	0	0
ENSG00000250001.1	0	0	0
ENSG00000250786.2	0	0	0
ENSG00000239112.1	0	0	0
ENSG00000248525.2	0	0	0
ENSG00000169777.6	0	0	0
ENSG00000249781.7	0	0	0
ENSG00000222054.1	0	0	0
ENSG00000286556.1	0	0	0
ENSG00000250814.3	0	0	0
ENSG00000279011.1	0	0	0
ENSG00000279755.1	0	0	0
ENSG00000278874.1	0	0	0
ENSG00000280016.1	0	0	0
ENSG00000249807.1	1	1	0
ENSG00000280449.1	0	0	0
ENSG00000280368.1	0	0	0
ENSG00000260515.1	0	0	0
ENSG00000271998.1	0	0	0
ENSG00000272417.1	7	0	7
ENSG00000150756.14	343	1	344
ENSG00000248968.1	3	3	0
ENSG00000150753.12	18416	4	22923
ENSG00000271980.1	0	4510	0
ENSG00000271715.1	0	0	0
ENSG00000164237.9	0	0	0
ENSG00000252341.1	0	0	0
ENSG00000252671.1	0	0	0
ENSG00000280369.1	1	1	0
ENSG00000259802.1	21	0	21
ENSG00000145495.16	6400	1	6399
ENSG00000250600.1	0	0	0
ENSG00000145491.12	6	0	6
ENSG00000277073.1	0	0	0
ENSG00000246016.2	0	0	0
ENSG00000244361.1	0	0	0
ENSG00000249166.1	0	0	0
ENSG00000249396.2	0	0	0
ENSG00000249160.4	0	0	0
ENSG00000280017.1	0	0	0
ENSG00000279450.1	0	0	0
ENSG00000164236.12	412	3	435
ENSG00000250106.1	0	0	0
ENSG00000251196.1	0	26	0
ENSG00000251548.1	0	0	0
ENSG00000279979.1	0	0	0
ENSG00000278865.1	0	0	0
ENSG00000112977.16	8537	0	8552
ENSG00000272324.5	0	15	0
ENSG00000250576.1	0	0	0
ENSG00000169862.19	45	0	45
ENSG00000207312.1	0	0	0
ENSG00000212305.1	0	0	0
ENSG00000248783.1	7	0	7
ENSG00000248131.6	36	0	36
ENSG00000251112.2	0	1	0
ENSG00000249053.1	0	0	1
ENSG00000248457.1	0	0	0
ENSG00000248145.2	0	0	0
ENSG00000242608.1	0	0	0
ENSG00000248462.1	0	0	0
ENSG00000243744.2	1	0	1
ENSG00000039139.9	59	0	63
ENSG00000251423.3	0	4	0
ENSG00000038382.20	11415	0	11559
ENSG00000287581.1	3	147	0
ENSG00000145569.6	187	0	187
ENSG00000248791.1	0	0	0
ENSG00000250526.1	17	0	17
ENSG00000250182.3	11130	2	11128
ENSG00000261360.1	5	2	3
ENSG00000154124.5	1543	0	1543
ENSG00000154122.14	2949	190	2759
ENSG00000286970.1	23	0	23
ENSG00000249485.1	8	0	8
ENSG00000264792.1	0	0	0
ENSG00000272057.1	1	0	1
ENSG00000249928.2	3	3	0
ENSG00000250662.1	1	1	0
ENSG00000250247.1	0	0	0
ENSG00000286441.1	0	0	0
ENSG00000202269.1	0	0	0
ENSG00000249332.2	0	0	0
ENSG00000248834.2	0	0	0
ENSG00000286377.1	0	0	0
ENSG00000248699.1	0	0	0
ENSG00000183580.10	413	0	413
ENSG00000250250.2	0	0	0
ENSG00000216077.3	0	0	0
ENSG00000222312.1	0	0	0
ENSG00000183654.9	0	0	0
ENSG00000250981.1	0	0	0
ENSG00000250448.1	0	0	0
ENSG00000248403.1	0	0	0
ENSG00000248150.1	1	0	1
ENSG00000249737.1	0	0	0
ENSG00000173545.5	1315	2	1313
ENSG00000154153.13	130	4	128
ENSG00000246214.2	1	44	0
ENSG00000250415.1	0	0	0
ENSG00000201370.1	0	0	0
ENSG00000145555.15	972	4	1009
ENSG00000253093.1	0	0	0
ENSG00000243538.1	35	0	35
ENSG00000201436.1	0	0	0
ENSG00000176788.9	2317	60	2257
ENSG00000215196.5	2	0	2
ENSG00000271892.1	0	0	0
ENSG00000206814.1	0	0	0
ENSG00000251990.1	0	0	0
ENSG00000250816.1	0	0	0
ENSG00000252908.1	0	0	0
ENSG00000185296.8	0	0	0
ENSG00000201715.1	0	0	0
ENSG00000223361.5	1980	0	2223
ENSG00000248223.1	0	243	0
ENSG00000249199.2	1	0	1
ENSG00000250822.1	0	0	0
ENSG00000248455.6	0	0	0
ENSG00000249662.6	0	0	0
ENSG00000268799.4	0	0	0
ENSG00000250667.1	0	0	0
ENSG00000284373.1	0	0	0
ENSG00000248205.1	0	0	0
ENSG00000249620.1	0	0	0
ENSG00000284439.1	0	0	0
ENSG00000284283.1	0	0	0
ENSG00000284234.1	0	0	0
ENSG00000284042.1	0	0	0
ENSG00000284465.1	0	0	0
ENSG00000250088.1	0	0	0
ENSG00000283967.1	0	0	0
ENSG00000283988.1	0	0	0
ENSG00000284356.1	0	0	0
ENSG00000248422.1	0	0	0
ENSG00000249282.1	0	0	0
ENSG00000283740.1	0	0	0
ENSG00000249156.2	0	0	0
ENSG00000271296.1	0	0	0
ENSG00000250351.1	0	0	0
ENSG00000250386.1	0	0	0
ENSG00000283776.1	0	0	0
ENSG00000250782.1	0	0	0
ENSG00000248471.2	0	0	0
ENSG00000248160.1	0	0	0
ENSG00000248542.2	0	0	0
ENSG00000248337.1	0	0	0
ENSG00000269466.4	0	0	0
ENSG00000274832.1	0	0	0
ENSG00000250715.1	0	0	0
ENSG00000249937.8	0	0	0
ENSG00000240785.2	0	0	0
ENSG00000212278.1	0	0	0
ENSG00000241552.3	0	0	0
ENSG00000248693.1	0	0	0
ENSG00000249191.1	0	0	0
ENSG00000249927.1	0	0	0
ENSG00000249285.1	0	0	0
ENSG00000276764.1	0	0	0
ENSG00000249174.1	0	0	0
ENSG00000251487.1	0	0	0
ENSG00000242654.1	0	0	0
ENSG00000249557.2	0	0	0
ENSG00000145526.12	13	0	13
ENSG00000248766.2	0	0	0
ENSG00000214132.4	12	0	12
ENSG00000249854.3	0	0	0
ENSG00000249490.2	0	0	0
ENSG00000251629.7	1	0	1
ENSG00000248308.1	0	0	0
ENSG00000286751.1	0	0	0
ENSG00000248286.1	0	0	0
ENSG00000249359.3	0	0	0
ENSG00000183666.17	312	0	312
ENSG00000233974.3	0	0	0
ENSG00000279107.1	0	0	0
ENSG00000272130.1	0	0	0
ENSG00000253766.1	0	0	0
ENSG00000154162.15	1	0	1
ENSG00000213430.6	610	0	610
ENSG00000253104.1	0	0	0
ENSG00000168967.14	0	0	0
ENSG00000287471.1	0	0	0
ENSG00000249206.2	0	0	0
ENSG00000286961.1	0	0	0
ENSG00000249404.1	0	0	0
ENSG00000250319.1	0	0	0
ENSG00000206912.1	0	0	0
ENSG00000250332.1	42	0	42
ENSG00000249289.1	0	0	0
ENSG00000164256.11	0	0	0
ENSG00000248591.1	0	0	0
ENSG00000249607.1	0	0	0
ENSG00000248874.5	0	0	0
ENSG00000252083.1	0	0	0
ENSG00000234865.3	0	0	0
ENSG00000200600.1	0	0	0
ENSG00000286134.2	0	0	0
ENSG00000226432.3	6	0	6
ENSG00000250694.1	0	0	0
ENSG00000277455.1	0	0	0
ENSG00000287199.1	0	0	0
ENSG00000040731.10	13	0	13
ENSG00000251294.1	0	0	0
ENSG00000249562.1	0	0	0
ENSG00000286454.1	0	0	0
ENSG00000250099.1	0	0	0
ENSG00000286238.1	0	0	0
ENSG00000248156.2	0	0	0
ENSG00000223004.1	0	0	0
ENSG00000248908.1	0	0	0
ENSG00000250524.1	0	0	0
ENSG00000199911.1	0	0	0
ENSG00000251273.4	2	2	44
ENSG00000245662.4	665	1067	0
ENSG00000285042.1	0	0	358
ENSG00000251654.2	0	0	0
ENSG00000260761.1	0	0	0
ENSG00000279671.1	0	0	0
ENSG00000248605.5	0	0	0
ENSG00000279531.1	0	0	0
ENSG00000201016.1	0	0	0
ENSG00000279869.1	0	0	0
ENSG00000251593.1	212	0	212
ENSG00000286625.1	5	0	5
ENSG00000222560.1	0	0	0
ENSG00000249099.1	0	0	0
ENSG00000286204.1	0	0	0
ENSG00000230571.2	0	0	0
ENSG00000248426.1	0	0	0
ENSG00000250703.1	0	0	0
ENSG00000251033.1	0	0	0
ENSG00000249616.1	0	0	0
ENSG00000113100.10	0	0	0
ENSG00000207261.1	0	0	0
ENSG00000250337.7	8	0	8
ENSG00000248490.2	0	0	0
ENSG00000250079.1	0	0	0
ENSG00000249785.3	0	0	0
ENSG00000250453.2	0	0	0
ENSG00000286432.1	0	0	0
ENSG00000252867.1	0	0	0
ENSG00000270495.1	0	0	0
ENSG00000259786.7	1	1	0
ENSG00000271035.1	0	0	0
ENSG00000162685.6	0	0	0
ENSG00000226400.2	0	0	0
ENSG00000277878.1	0	0	0
ENSG00000249226.1	0	0	0
ENSG00000252601.1	0	0	0
ENSG00000248687.2	0	0	0
ENSG00000270430.1	0	0	0
ENSG00000286182.1	0	0	0
ENSG00000248391.6	0	0	0
ENSG00000276098.1	0	0	0
ENSG00000248418.2	0	0	0
ENSG00000250984.1	0	0	0
ENSG00000249744.1	0	0	0
ENSG00000233787.3	0	0	0
ENSG00000223136.1	0	0	0
ENSG00000280305.1	0	0	0
ENSG00000250587.2	0	0	0
ENSG00000250118.1	2	0	2
ENSG00000287176.1	0	0	0
ENSG00000287940.1	0	0	0
ENSG00000241668.2	0	0	0
ENSG00000253940.1	0	0	0
ENSG00000254138.1	0	0	0
ENSG00000113361.13	18	0	18
ENSG00000250482.3	0	0	0
ENSG00000113360.16	3953	1	3952
ENSG00000206682.1	0	0	0
ENSG00000082213.18	2036	1	2035
ENSG00000279923.1	17	0	17
ENSG00000199765.1	0	0	0
ENSG00000133401.16	34	21	13
ENSG00000248624.1	0	0	0
ENSG00000248878.1	0	0	0
ENSG00000249114.1	0	0	0
ENSG00000248813.1	0	0	0
ENSG00000248378.1	0	0	0
ENSG00000250164.1	0	0	0
ENSG00000249688.1	0	0	0
ENSG00000252373.1	0	0	0
ENSG00000224282.3	0	0	0
ENSG00000251887.2	0	0	0
ENSG00000241739.1	1	0	1
ENSG00000243914.1	1	0	1
ENSG00000214108.4	0	0	0
ENSG00000249774.1	1	0	1
ENSG00000266243.1	0	0	0
ENSG00000250764.1	4	1	3
ENSG00000113384.14	2229	2	2227
ENSG00000200065.1	1	1	0
ENSG00000272086.1	6	0	6
ENSG00000230829.3	1	0	1
ENSG00000150712.11	1652	0	1652
ENSG00000199731.1	3	0	3
ENSG00000207052.1	1	0	1
ENSG00000056097.16	6658	2	6656
ENSG00000207956.1	0	0	0
ENSG00000249142.1	8	0	8
ENSG00000113387.12	3971	0	3971
ENSG00000250885.1	0	0	0
ENSG00000286741.1	1	0	1
ENSG00000113389.16	3	0	3
ENSG00000251062.1	11	0	11
ENSG00000250697.2	0	0	0
ENSG00000248279.5	0	0	0
ENSG00000249102.3	0	0	0
ENSG00000251281.1	0	0	0
ENSG00000250672.1	0	0	0
ENSG00000240376.1	41	0	41
ENSG00000251443.2	0	0	0
ENSG00000288579.1	2	0	2
ENSG00000249572.1	18	0	18
ENSG00000113407.14	12048	6	12042
ENSG00000249360.1	2	0	2
ENSG00000250583.1	0	0	0
ENSG00000151388.11	1553	2	1551
ENSG00000201623.1	0	0	0
ENSG00000182631.7	0	0	0
ENSG00000164175.15	2	0	2
ENSG00000250914.1	0	0	0
ENSG00000242110.8	18	0	18
ENSG00000273294.1	0	0	0
ENSG00000250767.1	0	0	0
ENSG00000082196.21	29	0	29
ENSG00000278900.1	0	0	0
ENSG00000279995.1	0	0	0
ENSG00000271771.1	0	0	0
ENSG00000215158.9	75	0	75
ENSG00000215156.5	6	6	0
ENSG00000286543.1	0	0	0
ENSG00000249380.1	0	0	0
ENSG00000271874.1	1	0	1
ENSG00000039560.14	5578	0	5586
ENSG00000250234.1	1	9	0
ENSG00000272323.1	10	2	9
ENSG00000205838.14	2	2	1
ENSG00000250140.1	0	0	0
ENSG00000241829.1	0	0	0
ENSG00000113456.19	1946	319	1928
ENSG00000113460.13	2749	4	3046
ENSG00000168724.17	2546	1	2545
ENSG00000113492.14	0	0	0
ENSG00000113494.17	0	0	0
ENSG00000250886.1	0	0	0
ENSG00000201368.2	0	0	0
ENSG00000152582.14	94	0	94
ENSG00000238441.1	0	0	0
ENSG00000248969.1	0	0	0
ENSG00000168685.15	60	0	60
ENSG00000279737.1	0	0	0
ENSG00000248349.1	0	0	0
ENSG00000152611.12	0	0	0
ENSG00000249748.1	0	0	0
ENSG00000145626.12	0	0	0
ENSG00000168671.10	0	0	0
ENSG00000251591.2	0	0	0
ENSG00000164187.7	1047	0	1047
ENSG00000207756.1	0	0	0
ENSG00000145604.17	3938	110	3951
ENSG00000201223.1	0	0	0
ENSG00000152620.13	535	30	628
ENSG00000245711.2	5	4	1
ENSG00000164188.9	5	1	4
ENSG00000287634.1	0	0	0
ENSG00000222178.1	0	0	0
ENSG00000242292.2	0	0	0
ENSG00000079215.14	672	1	671
ENSG00000274441.1	1	1	0
ENSG00000250155.2	0	0	0
ENSG00000279400.1	8	0	8
ENSG00000272103.2	6	0	6
ENSG00000285967.1	428	5	423
ENSG00000164190.19	5235	7	5228
ENSG00000249850.1	1	0	1
ENSG00000244073.1	3	0	3
ENSG00000197603.15	633	2	636
ENSG00000271378.1	0	0	0
ENSG00000228212.1	4	2	2
ENSG00000242493.3	0	0	0
ENSG00000286193.2	4	3	6
ENSG00000270558.1	52	0	52
ENSG00000113569.16	5929	3	5926
ENSG00000251880.1	2	2	0
ENSG00000250455.1	0	0	0
ENSG00000082068.9	1081	1	1080
ENSG00000248216.1	1	1	0
ENSG00000222743.1	0	0	0
ENSG00000206743.1	0	0	0
ENSG00000248587.8	25	319	21
ENSG00000168621.15	1616	6	1925
ENSG00000248539.1	0	0	0
ENSG00000250032.1	0	0	0
ENSG00000251518.1	0	0	0
ENSG00000248533.1	0	0	0
ENSG00000248461.3	16	0	16
ENSG00000276332.1	0	0	0
ENSG00000164318.18	0	0	0
ENSG00000248730.1	0	0	0
ENSG00000249071.2	0	0	0
ENSG00000248572.6	0	0	0
ENSG00000249491.1	0	0	0
ENSG00000248234.1	0	0	0
ENSG00000251257.2	3	0	3
ENSG00000113594.10	695	3	695
ENSG00000244968.7	4	0	7
ENSG00000265304.1	0	0	0
ENSG00000251189.1	0	0	0
ENSG00000249740.3	12	0	12
ENSG00000248577.1	0	0	0
ENSG00000250629.1	1	0	1
ENSG00000145623.13	2848	74	2848
ENSG00000164327.13	1854	4	1924
ENSG00000249089.1	0	0	0
ENSG00000286809.1	0	0	0
ENSG00000082074.19	351	0	351
ENSG00000251215.1	0	0	0
ENSG00000113600.11	1	0	1
ENSG00000153071.15	1769	0	1769
ENSG00000271334.6	28	0	28
ENSG00000251515.1	0	0	0
ENSG00000250492.1	147	0	147
ENSG00000248651.1	0	0	0
ENSG00000250048.2	0	0	0
ENSG00000249668.1	0	0	0
ENSG00000250585.3	0	0	0
ENSG00000199361.1	0	0	0
ENSG00000287597.1	0	0	0
ENSG00000283286.1	0	0	0
ENSG00000285552.1	0	0	0
ENSG00000285616.1	1	0	1
ENSG00000113638.14	749	2	747
ENSG00000199552.1	0	0	0
ENSG00000171522.6	42	0	42
ENSG00000132356.11	3863	1	3862
ENSG00000212567.1	0	0	0
ENSG00000145592.14	18079	0	18079
ENSG00000212296.1	2	0	2
ENSG00000132357.14	136	0	136
ENSG00000112936.19	1	1	0
ENSG00000253098.1	0	0	0
ENSG00000248120.1	0	0	0
ENSG00000171495.17	0	0	0
ENSG00000039537.14	0	0	0
ENSG00000182836.10	0	0	0
ENSG00000251478.1	1	0	1
ENSG00000083720.13	1939	0	1964
ENSG00000286164.1	0	0	0
ENSG00000248668.3	2	27	0
ENSG00000240281.2	0	0	0
ENSG00000205765.9	2049	0	2049
ENSG00000151876.13	181	0	181
ENSG00000239694.1	0	0	0
ENSG00000199487.1	0	0	0
ENSG00000249266.1	0	0	0
ENSG00000260786.1	0	0	0
ENSG00000112964.14	358	0	358
ENSG00000248873.1	578	0	578
ENSG00000250860.1	0	0	0
ENSG00000270513.1	0	0	0
ENSG00000198865.10	9	0	15
ENSG00000250722.6	2	9	0
ENSG00000272234.1	0	0	1
ENSG00000286271.2	0	0	0
ENSG00000249092.1	1	0	1
ENSG00000251163.1	0	0	0
ENSG00000251656.1	0	0	0
ENSG00000249516.1	0	0	0
ENSG00000250711.1	0	0	0
ENSG00000287263.1	6	0	6
ENSG00000286656.1	2	1	1
ENSG00000271788.1	0	0	0
ENSG00000177738.4	175	27	156
ENSG00000251131.2	8	13	3
ENSG00000272382.1	8	4	4
ENSG00000177721.4	31	3	28
ENSG00000215068.8	108	8	100
ENSG00000272144.1	7	3	4
ENSG00000172262.11	1557	0	1557
ENSG00000278487.1	18	0	18
ENSG00000177453.7	44	0	44
ENSG00000249779.1	2	0	2
ENSG00000249888.1	0	0	0
ENSG00000247763.2	1	0	1
ENSG00000112972.15	2625	0	3421
ENSG00000261604.1	0	796	0
ENSG00000188850.9	1	0	1
ENSG00000151882.11	397	1	396
ENSG00000151881.15	426	0	426
ENSG00000249492.2	25	41	13
ENSG00000172244.9	130	5	154
ENSG00000249855.1	2931	0	2931
ENSG00000248554.1	0	0	0
ENSG00000248240.1	1	0	1
ENSG00000172239.14	2707	1	2706
ENSG00000248092.8	449	18	465
ENSG00000279557.1	6	0	6
ENSG00000249286.1	6	0	6
ENSG00000112992.18	2632	17	2649
ENSG00000224993.3	19	0	19
ENSG00000249276.1	0	0	0
ENSG00000212561.1	0	0	0
ENSG00000070193.5	0	0	0
ENSG00000248464.1	0	0	0
ENSG00000249203.2	0	0	0
ENSG00000250418.1	0	0	0
ENSG00000263556.2	0	0	0
ENSG00000251141.6	24	0	24
ENSG00000248779.1	0	0	0
ENSG00000112996.11	1832	0	1832
ENSG00000272335.1	251	0	251
ENSG00000248148.1	0	0	0
ENSG00000287540.1	0	0	0
ENSG00000164588.8	5	0	5
ENSG00000250422.1	0	0	0
ENSG00000250017.1	0	0	0
ENSG00000250122.1	0	0	0
ENSG00000170571.12	3301	0	3301
ENSG00000271455.1	0	0	0
ENSG00000213956.4	0	0	0
ENSG00000271752.1	1	0	1
ENSG00000151883.19	1283	16	1267
ENSG00000249405.1	0	0	0
ENSG00000270830.1	0	0	0
ENSG00000251601.1	0	0	0
ENSG00000250360.1	0	0	0
ENSG00000251573.2	0	0	0
ENSG00000248918.2	0	0	0
ENSG00000207060.1	0	0	0
ENSG00000278734.1	0	0	0
ENSG00000206606.1	0	0	0
ENSG00000240627.1	0	0	0
ENSG00000259663.2	6	0	6
ENSG00000016082.15	84	0	84
ENSG00000249338.1	0	0	0
ENSG00000248891.2	0	0	0
ENSG00000288035.1	0	0	0
ENSG00000251125.1	0	0	0
ENSG00000251873.1	0	0	0
ENSG00000249270.1	0	0	0
ENSG00000279470.1	0	0	0
ENSG00000248789.5	0	0	0
ENSG00000244621.1	0	0	0
ENSG00000250827.1	0	0	0
ENSG00000248898.3	1	3	1
ENSG00000152684.11	952	1	953
ENSG00000213949.10	608	0	637
ENSG00000288539.1	1	0	1
ENSG00000251237.1	0	0	0
ENSG00000241809.1	0	0	0
ENSG00000249899.6	1	30	0
ENSG00000164171.11	3071	12	3059
ENSG00000286048.1	10	0	10
ENSG00000272123.1	1	0	1
ENSG00000164172.20	1594	7	1589
ENSG00000247796.3	39	0	41
ENSG00000213940.4	0	0	0
ENSG00000285831.1	0	0	0
ENSG00000240052.1	0	0	0
ENSG00000134363.12	184	0	184
ENSG00000164258.12	1102	0	1102
ENSG00000250447.6	1	0	1
ENSG00000217791.4	0	0	0
ENSG00000272416.1	7	0	7
ENSG00000185305.11	808	0	808
ENSG00000287087.1	2	2	0
ENSG00000222960.1	0	0	0
ENSG00000207627.1	0	0	0
ENSG00000241230.3	0	0	0
ENSG00000265421.1	0	0	0
ENSG00000279638.1	0	0	0
ENSG00000249069.8	0	0	0
ENSG00000251597.1	0	0	0
ENSG00000169271.3	0	0	0
ENSG00000178996.14	1028	0	1028
ENSG00000280159.1	1	0	1
ENSG00000287367.1	2	0	2
ENSG00000232517.2	0	0	0
ENSG00000226810.3	1	0	1
ENSG00000249843.1	0	0	0
ENSG00000249016.1	0	0	0
ENSG00000164283.13	132	0	132
ENSG00000240535.8	0	0	0
ENSG00000113088.6	0	0	0
ENSG00000207229.1	0	0	0
ENSG00000251376.1	0	0	0
ENSG00000248029.2	0	0	0
ENSG00000249454.1	0	0	0
ENSG00000145649.8	0	0	0
ENSG00000164287.13	2	1	2
ENSG00000164294.14	1551	0	1551
ENSG00000198983.1	0	0	0
ENSG00000207728.1	0	0	0
ENSG00000251856.1	0	0	0
ENSG00000234602.9	76	0	76
ENSG00000152669.9	23	0	23
ENSG00000251307.1	4	84	2
ENSG00000067248.10	2360	0	2442
ENSG00000039123.16	4597	76	4927
ENSG00000271410.1	0	0	0
ENSG00000067113.17	138	340	203
ENSG00000279883.1	0	0	0
ENSG00000265135.1	0	0	0
ENSG00000250853.1	1	0	1
ENSG00000249410.1	0	0	0
ENSG00000177058.12	654	1	653
ENSG00000152670.19	0	0	0
ENSG00000251368.1	0	0	0
ENSG00000199322.1	0	0	0
ENSG00000248854.1	1	0	1
ENSG00000164509.15	1184	0	1184
ENSG00000134352.20	5436	4	6244
ENSG00000262211.1	0	812	0
ENSG00000264281.3	0	0	0
ENSG00000249236.2	0	0	0
ENSG00000227908.3	1	0	1
ENSG00000238326.1	0	0	0
ENSG00000164512.18	7	2	5
ENSG00000253032.1	0	0	0
ENSG00000243592.1	3	0	3
ENSG00000223003.1	0	0	0
ENSG00000251435.1	2	0	2
ENSG00000212265.1	0	0	0
ENSG00000248781.1	1	0	1
ENSG00000210678.1	0	0	0
ENSG00000249697.1	0	0	0
ENSG00000250787.1	0	0	0
ENSG00000248727.6	2	0	2
ENSG00000285997.1	0	0	0
ENSG00000226221.1	137	0	137
ENSG00000225940.7	0	0	0
ENSG00000234553.1	0	0	0
ENSG00000228650.2	0	0	0
ENSG00000095015.6	601	0	617
ENSG00000237705.1	0	16	0
ENSG00000225230.1	1	7	0
ENSG00000155542.12	227	2	231
ENSG00000155545.20	1095	37	1111
ENSG00000271828.1	27	59	3
ENSG00000235635.1	0	18	0
ENSG00000233943.1	0	0	0
ENSG00000248652.2	0	0	0
ENSG00000250480.3	0	0	0
ENSG00000207293.1	0	0	0
ENSG00000062194.16	2308	0	2308
ENSG00000248586.2	0	0	0
ENSG00000250961.2	2	0	2
ENSG00000250308.2	0	0	0
ENSG00000169067.4	3	0	3
ENSG00000249436.2	0	0	0
ENSG00000287709.1	3	1	2
ENSG00000249198.1	0	0	0
ENSG00000249584.1	0	0	0
ENSG00000248132.3	5	12	0
ENSG00000286853.1	40	0	47
ENSG00000248271.1	0	0	0
ENSG00000145632.15	4445	0	4445
ENSG00000175857.8	0	0	0
ENSG00000271257.1	0	0	0
ENSG00000265699.1	0	0	0
ENSG00000250127.1	0	0	0
ENSG00000152932.8	1	0	1
ENSG00000248475.5	0	0	0
ENSG00000240412.1	0	0	0
ENSG00000248733.1	0	0	0
ENSG00000113448.19	1540	2	1538
ENSG00000247345.2	0	0	0
ENSG00000276214.1	0	0	0
ENSG00000251306.1	0	0	0
ENSG00000202601.4	0	0	0
ENSG00000248935.1	0	0	0
ENSG00000202017.1	0	0	0
ENSG00000213896.4	0	0	0
ENSG00000214244.4	183	0	183
ENSG00000273701.1	0	0	0
ENSG00000152931.9	0	0	0
ENSG00000275634.1	0	0	0
ENSG00000276233.1	0	0	0
ENSG00000035499.13	1471	0	1475
ENSG00000251303.1	2	2	0
ENSG00000287434.1	0	4	0
ENSG00000250148.1	0	0	0
ENSG00000164181.14	428	0	428
ENSG00000049167.15	596	0	635
ENSG00000215032.2	2	0	2
ENSG00000233847.1	1	40	0
ENSG00000164182.12	516	151	365
ENSG00000279985.1	0	0	0
ENSG00000276945.1	5	1	4
ENSG00000188725.8	3026	4	3135
ENSG00000251279.1	2	115	0
ENSG00000249279.6	14	0	14
ENSG00000130449.6	1334	0	1334
ENSG00000251682.1	0	0	0
ENSG00000250461.1	0	0	0
ENSG00000213891.3	3	1	2
ENSG00000178722.13	0	0	0
ENSG00000248529.5	0	0	0
ENSG00000212215.1	0	0	0
ENSG00000251575.3	0	0	0
ENSG00000249878.1	0	0	0
ENSG00000248199.2	0	0	0
ENSG00000251983.1	0	0	0
ENSG00000068796.19	2501	727	3322
ENSG00000288643.1	0	0	0
ENSG00000086189.10	702	846	1404
ENSG00000086200.17	1622	0	1622
ENSG00000199279.1	1	0	1
ENSG00000268942.2	138	0	138
ENSG00000241991.1	0	0	0
ENSG00000240436.1	0	0	0
ENSG00000186105.8	1	0	1
ENSG00000217416.4	70	0	70
ENSG00000249579.2	0	0	0
ENSG00000248185.1	1	0	1
ENSG00000287179.1	0	0	0
ENSG00000178394.5	0	0	0
ENSG00000248285.1	0	0	0
ENSG00000164197.12	70	0	70
ENSG00000236068.2	0	0	0
ENSG00000186479.5	0	0	0
ENSG00000242547.3	0	0	0
ENSG00000201869.1	0	0	0
ENSG00000224296.3	0	0	0
ENSG00000145642.12	1	12	0
ENSG00000153006.16	1622	0	1633
ENSG00000153015.16	1351	2	1349
ENSG00000272370.1	17	0	17
ENSG00000272354.1	12	0	12
ENSG00000207439.1	0	0	0
ENSG00000049192.15	1708	8	1700
ENSG00000248288.1	2	2	0
ENSG00000250732.1	0	0	0
ENSG00000205644.5	3	3	0
ENSG00000250081.1	6	0	6
ENSG00000123219.13	1190	1	1189
ENSG00000113593.12	1253	14	1239
ENSG00000113595.15	679	3	678
ENSG00000207352.1	0	0	0
ENSG00000113597.18	550	33	541
ENSG00000253251.3	136	0	138
ENSG00000197860.10	428	8	444
ENSG00000123213.23	1524	1	1523
ENSG00000251648.2	0	0	0
ENSG00000269961.1	6	1	5
ENSG00000112851.15	9145	0	9145
ENSG00000252904.1	0	0	0
ENSG00000286314.1	3	2	1
ENSG00000285999.1	18	0	18
ENSG00000153914.16	3451	49	3445
ENSG00000253744.1	0	43	0
ENSG00000248846.3	4	1	3
ENSG00000251391.5	1	0	1
ENSG00000286062.1	0	0	0
ENSG00000250313.3	0	0	0
ENSG00000234838.3	1	0	1
ENSG00000069020.18	861	0	861
ENSG00000248803.1	0	0	0
ENSG00000249057.1	0	0	0
ENSG00000229666.1	3	0	3
ENSG00000134061.5	0	0	0
ENSG00000251206.1	0	0	0
ENSG00000286647.1	0	0	0
ENSG00000249364.6	0	0	0
ENSG00000250978.5	0	0	0
ENSG00000239870.1	0	0	0
ENSG00000249736.1	0	0	0
ENSG00000249238.1	0	0	0
ENSG00000250669.1	1	0	1
ENSG00000249721.1	0	0	0
ENSG00000250421.5	2	2	0
ENSG00000249894.1	1	0	1
ENSG00000273860.1	0	0	0
ENSG00000253801.2	0	0	0
ENSG00000252108.1	0	0	0
ENSG00000213864.3	97	0	97
ENSG00000253787.1	0	0	0
ENSG00000145675.15	1419	0	1419
ENSG00000251044.2	0	0	0
ENSG00000248884.1	1	0	1
ENSG00000248359.2	0	0	0
ENSG00000249588.1	0	0	0
ENSG00000249335.2	0	0	0
ENSG00000250289.1	0	0	0
ENSG00000212249.2	0	0	0
ENSG00000250066.1	0	0	0
ENSG00000276309.1	0	0	0
ENSG00000249352.4	0	0	0
ENSG00000250237.1	0	0	0
ENSG00000249183.1	1	0	1
ENSG00000145740.19	2022	8	2478
ENSG00000248664.1	2	458	8
ENSG00000220986.1	0	0	0
ENSG00000280894.1	0	0	0
ENSG00000134057.15	6096	0	6096
ENSG00000280187.1	49	0	49
ENSG00000153044.10	600	0	600
ENSG00000134056.12	600	0	600
ENSG00000134058.12	1179	1	1178
ENSG00000183323.13	417	2	415
ENSG00000213830.3	8	0	8
ENSG00000215006.4	20	0	20
ENSG00000271045.1	1	1	0
ENSG00000085231.14	486	0	486
ENSG00000273841.5	3999	0	4002
ENSG00000152942.19	1323	37	1330
ENSG00000152939.17	5	0	5
ENSG00000244717.1	0	0	0
ENSG00000249295.1	0	0	0
ENSG00000266477.2	0	0	0
ENSG00000197822.11	64	0	64
ENSG00000212260.1	0	0	0
ENSG00000183474.16	204	0	204
ENSG00000248477.6	3	3	0
ENSG00000250138.4	1	1	0
ENSG00000253203.6	7	0	7
ENSG00000248769.1	0	0	0
ENSG00000198237.8	9	0	9
ENSG00000251158.1	0	0	0
ENSG00000249230.1	0	0	0
ENSG00000205572.10	21	0	21
ENSG00000205571.14	238	0	238
ENSG00000285151.1	0	0	0
ENSG00000179978.11	4	0	4
ENSG00000253492.1	0	0	0
ENSG00000254701.3	0	0	0
ENSG00000253816.3	0	0	0
ENSG00000226259.10	132	0	132
ENSG00000269983.1	1	0	1
ENSG00000250687.6	0	0	0
ENSG00000253333.1	0	0	0
ENSG00000196302.5	0	0	0
ENSG00000253366.3	0	0	0
ENSG00000288349.1	1	1	0
ENSG00000254335.1	0	0	0
ENSG00000172058.16	10	0	10
ENSG00000172062.17	140	0	140
ENSG00000285204.1	0	0	0
ENSG00000249437.8	12	3	9
ENSG00000145736.14	149	0	149
ENSG00000230847.4	1	0	1
ENSG00000251634.2	2	0	2
ENSG00000253900.1	0	0	0
ENSG00000215630.6	3	0	3
ENSG00000235558.3	0	0	0
ENSG00000250387.3	0	0	0
ENSG00000253985.1	0	0	0
ENSG00000169040.14	0	0	0
ENSG00000249981.1	0	0	0
ENSG00000145734.19	4077	1	4076
ENSG00000253536.1	0	0	0
ENSG00000247911.3	0	0	0
ENSG00000131844.16	2589	1	2588
ENSG00000164326.5	0	0	0
ENSG00000278824.1	0	0	0
ENSG00000285804.2	2	3	2
ENSG00000131711.15	11527	17	11513
ENSG00000264099.1	0	0	0
ENSG00000113048.17	3848	0	3848
ENSG00000244748.3	0	0	0
ENSG00000049883.15	692	0	692
ENSG00000244061.1	0	0	0
ENSG00000251108.1	0	0	0
ENSG00000261269.1	0	0	0
ENSG00000178175.12	0	0	0
ENSG00000248371.5	0	0	0
ENSG00000251613.4	0	0	0
ENSG00000226544.4	3	0	3
ENSG00000223497.1	0	0	0
ENSG00000206770.1	0	0	0
ENSG00000249085.1	0	0	0
ENSG00000083312.17	10988	1	10987
ENSG00000263593.1	0	0	0
ENSG00000242602.1	0	0	0
ENSG00000271926.1	0	0	0
ENSG00000272081.1	1	0	1
ENSG00000157107.14	710	0	710
ENSG00000251467.1	1	0	1
ENSG00000248930.1	1	0	1
ENSG00000157111.13	37	0	37
ENSG00000251599.1	0	0	0
ENSG00000250747.1	0	0	0
ENSG00000164325.8	0	0	0
ENSG00000287090.1	0	0	0
ENSG00000249743.6	0	0	0
ENSG00000251543.1	0	0	0
ENSG00000249149.2	0	0	0
ENSG00000251493.5	698	2	1684
ENSG00000247993.2	0	986	2
ENSG00000251604.1	1	0	1
ENSG00000251324.1	1	1	0
ENSG00000272525.1	10	2	8
ENSG00000145741.16	17561	1	17560
ENSG00000255883.1	40	0	40
ENSG00000164331.10	231	0	249
ENSG00000164338.10	1316	18	1316
ENSG00000214944.9	1561	1	1560
ENSG00000249293.1	0	0	0
ENSG00000184084.7	0	0	0
ENSG00000238913.1	0	0	0
ENSG00000259968.3	0	0	0
ENSG00000248474.1	0	0	0
ENSG00000248673.2	0	0	0
ENSG00000248942.3	0	0	0
ENSG00000244326.3	0	0	0
ENSG00000249343.3	0	0	0
ENSG00000250446.1	0	0	0
ENSG00000171617.14	2094	2	2110
ENSG00000049860.14	4250	229	4310
ENSG00000164347.18	1625	65	1853
ENSG00000207336.1	3	0	3
ENSG00000164346.10	3673	219	3719
ENSG00000198780.12	388	77	568
ENSG00000199645.1	0	0	0
ENSG00000250071.1	1	0	1
ENSG00000271714.1	0	0	0
ENSG00000212363.1	0	0	0
ENSG00000287701.1	0	0	0
ENSG00000249856.1	0	0	0
ENSG00000196390.6	0	0	0
ENSG00000239517.1	0	0	0
ENSG00000182383.8	1	0	1
ENSG00000249157.1	0	0	0
ENSG00000176928.7	2	0	2
ENSG00000145700.10	3	0	3
ENSG00000251663.1	0	0	0
ENSG00000247372.2	3	2	1
ENSG00000113161.16	3883	1	4042
ENSG00000113163.18	998	167	992
ENSG00000271815.1	2	0	2
ENSG00000242198.1	3	3	0
ENSG00000122008.15	1448	1	1578
ENSG00000251724.1	0	0	0
ENSG00000248881.1	0	130	0
ENSG00000272040.1	27	0	27
ENSG00000189045.15	10	2	8
ENSG00000152359.15	537	1	536
ENSG00000207333.1	0	0	0
ENSG00000251078.1	0	0	0
ENSG00000251419.1	0	0	0
ENSG00000249301.1	0	0	0
ENSG00000248684.1	0	0	0
ENSG00000228367.3	0	0	0
ENSG00000249777.1	0	0	0
ENSG00000251342.1	1	0	1
ENSG00000248127.1	0	0	0
ENSG00000122012.14	0	0	0
ENSG00000252833.1	0	0	0
ENSG00000251668.2	0	0	0
ENSG00000254893.6	244	0	244
ENSG00000249014.2	82	0	82
ENSG00000251107.1	1	0	1
ENSG00000250348.1	1	1	0
ENSG00000251235.3	0	0	0
ENSG00000145703.16	10	3	10
ENSG00000250574.1	0	0	0
ENSG00000249713.1	0	0	0
ENSG00000164220.7	58	0	61
ENSG00000225407.3	0	13	0
ENSG00000277188.1	0	0	0
ENSG00000278237.1	0	0	0
ENSG00000181104.7	1819	0	1832
ENSG00000164251.5	1	0	1
ENSG00000264391.2	0	0	0
ENSG00000171643.14	31	0	31
ENSG00000252684.1	0	0	0
ENSG00000145708.11	12	0	12
ENSG00000164252.13	881	5	876
ENSG00000285000.1	2	0	2
ENSG00000132846.6	943	6	1135
ENSG00000250615.1	0	194	0
ENSG00000238961.1	3	0	3
ENSG00000250802.7	63	4	63
ENSG00000284762.1	0	0	0
ENSG00000251566.1	0	0	0
ENSG00000113231.14	38	33	5
ENSG00000251400.1	1	0	1
ENSG00000164253.14	1681	1	1686
ENSG00000244019.1	1	0	1
ENSG00000244363.3	436	0	436
ENSG00000171540.8	0	0	0
ENSG00000171530.15	1739	0	1739
ENSG00000213763.4	13	0	13
ENSG00000253572.2	0	0	0
ENSG00000287162.1	0	0	0
ENSG00000132842.14	3325	1	3324
ENSG00000253558.1	2	0	2
ENSG00000249372.1	0	0	0
ENSG00000251605.1	0	0	0
ENSG00000200331.1	0	0	0
ENSG00000206714.1	0	0	0
ENSG00000245556.3	101	0	101
ENSG00000085365.18	2110	28	2082
ENSG00000145685.14	2488	10	2478
ENSG00000248909.1	5	0	5
ENSG00000254170.1	2	0	2
ENSG00000254310.1	0	0	0
ENSG00000113273.17	1376	0	1376
ENSG00000132837.15	1	0	1
ENSG00000214890.3	0	0	0
ENSG00000132840.10	0	0	0
ENSG00000145692.15	2	1	1
ENSG00000201955.1	1	0	1
ENSG00000249829.2	0	0	0
ENSG00000206592.1	0	0	0
ENSG00000250330.1	0	0	0
ENSG00000152409.9	1205	13	1192
ENSG00000213757.3	254	2	252
ENSG00000152413.15	858	0	858
ENSG00000213755.3	0	0	0
ENSG00000243160.1	0	0	0
ENSG00000207391.1	0	0	0
ENSG00000277818.1	0	0	0
ENSG00000164329.13	1811	0	1811
ENSG00000164309.15	48	0	48
ENSG00000250258.1	0	0	0
ENSG00000286818.1	0	0	0
ENSG00000238254.3	0	0	0
ENSG00000250888.1	0	0	0
ENSG00000177034.17	3237	0	3237
ENSG00000113296.14	13	2	12
ENSG00000251050.1	3	0	3
ENSG00000249778.1	0	0	0
ENSG00000249825.6	5	1	5
ENSG00000164300.17	808	0	838
ENSG00000251675.1	1	31	0
ENSG00000249438.2	0	0	0
ENSG00000184188.6	0	0	0
ENSG00000251828.1	0	0	0
ENSG00000244076.1	0	0	0
ENSG00000164299.7	0	0	0
ENSG00000227087.4	1	0	1
ENSG00000248569.1	88	0	88
ENSG00000220157.4	40	0	40
ENSG00000206774.1	0	0	0
ENSG00000039319.17	1688	108	1844
ENSG00000249042.6	14	170	108
ENSG00000152380.10	34	0	34
ENSG00000242706.2	0	0	0
ENSG00000240003.2	2	0	2
ENSG00000189127.8	1	0	1
ENSG00000251366.1	0	0	0
ENSG00000251221.1	1	0	1
ENSG00000228716.7	4801	15	4821
ENSG00000249655.1	4	0	4
ENSG00000271043.2	0	0	0
ENSG00000113318.11	983	20	998
ENSG00000248967.1	0	0	0
ENSG00000244630.2	2	2	0
ENSG00000251450.2	2	2	0
ENSG00000113319.13	32	32	4
ENSG00000251001.1	0	0	0
ENSG00000249772.1	0	0	0
ENSG00000247572.8	218	0	222
ENSG00000131730.16	19	19	0
ENSG00000248794.1	12	0	12
ENSG00000131732.12	1180	0	1180
ENSG00000172497.9	0	0	0
ENSG00000286721.1	0	0	0
ENSG00000145687.16	104	0	104
ENSG00000287938.1	0	0	0
ENSG00000249483.1	0	0	0
ENSG00000214857.4	1	0	1
ENSG00000152348.16	149	11684	139
ENSG00000236447.2	0	0	0
ENSG00000251495.1	239	0	239
ENSG00000248192.1	0	0	0
ENSG00000265684.2	0	0	0
ENSG00000251374.1	2	0	2
ENSG00000186468.13	6916	7	18583
ENSG00000205464.12	16	0	16
ENSG00000248393.1	0	0	0
ENSG00000248870.1	0	0	0
ENSG00000249100.1	0	0	0
ENSG00000240411.2	0	0	0
ENSG00000248105.1	0	0	0
ENSG00000283359.1	0	0	0
ENSG00000281327.2	2	0	2
ENSG00000248112.1	0	0	0
ENSG00000249857.1	0	0	0
ENSG00000248400.2	2	0	2
ENSG00000249664.1	1	0	1
ENSG00000271862.1	45	0	45
ENSG00000174695.10	5121	1	5120
ENSG00000238835.1	0	0	0
ENSG00000152422.16	494	0	494
ENSG00000243385.2	1	0	1
ENSG00000251552.1	1	1	0
ENSG00000251395.1	0	0	0
ENSG00000038427.16	4443	0	4738
ENSG00000249835.2	0	295	0
ENSG00000145681.11	0	0	0
ENSG00000253073.1	0	0	0
ENSG00000206744.1	0	0	0
ENSG00000242858.1	2	0	2
ENSG00000202157.1	0	0	0
ENSG00000250013.1	0	0	0
ENSG00000164176.13	93	0	93
ENSG00000252861.1	0	0	0
ENSG00000250320.6	1	0	1
ENSG00000214853.5	0	0	0
ENSG00000249349.1	0	0	0
ENSG00000248674.1	0	0	0
ENSG00000250253.3	1	0	1
ENSG00000249792.1	0	0	0
ENSG00000248170.1	0	0	0
ENSG00000248667.1	0	0	0
ENSG00000249023.1	0	0	0
ENSG00000249842.1	0	0	0
ENSG00000243859.3	8	0	8
ENSG00000251066.1	0	0	0
ENSG00000250874.1	0	0	0
ENSG00000241965.2	0	0	0
ENSG00000249153.1	0	0	0
ENSG00000250359.1	0	0	0
ENSG00000205449.11	14	0	14
ENSG00000280009.1	5	0	5
ENSG00000248195.1	0	0	0
ENSG00000248363.5	0	0	0
ENSG00000250124.1	0	0	0
ENSG00000251585.1	0	0	0
ENSG00000127184.13	3984	0	3984
ENSG00000284078.1	0	0	0
ENSG00000207013.1	0	0	0
ENSG00000250544.2	0	0	0
ENSG00000248701.1	0	0	0
ENSG00000242477.1	20	0	20
ENSG00000249061.1	0	0	0
ENSG00000233828.5	14	0	14
ENSG00000251951.1	0	0	0
ENSG00000265919.1	0	0	0
ENSG00000288569.1	0	0	0
ENSG00000145715.15	2331	103	2774
ENSG00000241243.3	2	2	0
ENSG00000207452.1	0	0	0
ENSG00000134480.16	1098	585	1200
ENSG00000285190.1	0	140	1
ENSG00000200462.1	0	0	0
ENSG00000249362.2	0	0	0
ENSG00000248708.2	0	0	0
ENSG00000287783.1	0	0	0
ENSG00000287862.1	0	0	0
ENSG00000164180.14	1500	5	1499
ENSG00000247828.8	491	0	501
ENSG00000207129.1	0	6	0
ENSG00000240083.2	0	0	0
ENSG00000206958.1	0	0	0
ENSG00000250306.1	0	0	0
ENSG00000250156.3	0	0	0
ENSG00000271904.1	0	0	0
ENSG00000245526.11	340	1	340
ENSG00000250705.1	1	0	1
ENSG00000284447.1	0	0	0
ENSG00000245864.3	0	23	1
ENSG00000250377.2	0	0	0
ENSG00000250555.2	0	0	0
ENSG00000081189.16	392	4	413
ENSG00000248309.7	0	0	2
ENSG00000250831.1	0	0	0
ENSG00000250437.1	0	0	0
ENSG00000214942.6	0	0	0
ENSG00000264342.3	0	0	0
ENSG00000248555.7	0	0	0
ENSG00000253321.1	0	0	0
ENSG00000260871.1	1	0	1
ENSG00000153140.9	558	0	558
ENSG00000255647.3	0	0	0
ENSG00000176055.10	431	2	440
ENSG00000113356.13	2375	10	2376
ENSG00000176018.13	1268	16	1263
ENSG00000164199.18	78	12	77
ENSG00000249514.1	0	0	0
ENSG00000248323.7	83	0	83
ENSG00000285618.1	0	0	0
ENSG00000212930.3	0	0	0
ENSG00000251093.1	0	0	0
ENSG00000199643.1	0	0	0
ENSG00000234292.3	0	0	0
ENSG00000286638.1	2	0	2
ENSG00000277001.1	0	0	0
ENSG00000240388.2	0	0	0
ENSG00000241059.2	0	0	0
ENSG00000113369.9	978	1	978
ENSG00000281357.3	10	1	10
ENSG00000251356.1	0	0	0
ENSG00000286121.1	0	0	0
ENSG00000248826.2	0	0	0
ENSG00000276426.1	0	0	0
ENSG00000250049.7	0	0	0
ENSG00000249776.5	0	0	0
ENSG00000249169.1	0	0	0
ENSG00000249984.1	0	0	0
ENSG00000248588.2	0	0	0
ENSG00000248950.1	0	0	0
ENSG00000249958.1	0	0	0
ENSG00000248528.1	0	0	0
ENSG00000251361.1	3	0	3
ENSG00000286509.1	2	2	0
ENSG00000213730.3	1	0	1
ENSG00000237187.9	125	11	127
ENSG00000175745.14	185	5	193
ENSG00000278905.1	4	4	0
ENSG00000113391.19	1464	3	1461
ENSG00000284336.1	0	0	0
ENSG00000287180.1	4	4	0
ENSG00000249353.2	243	0	243
ENSG00000248483.7	5	1	4
ENSG00000272406.1	0	0	0
ENSG00000287447.1	3	3	0
ENSG00000251023.1	11	0	11
ENSG00000286577.1	0	0	0
ENSG00000185261.14	38	0	38
ENSG00000251544.1	0	0	0
ENSG00000254132.1	16	16	0
ENSG00000251340.1	1	0	1
ENSG00000232578.4	1	0	1
ENSG00000270133.1	5	0	5
ENSG00000133302.13	968	0	968
ENSG00000175471.19	1599	38	1561
ENSG00000249175.1	0	0	0
ENSG00000243806.1	1	0	1
ENSG00000276514.1	0	0	0
ENSG00000249545.1	0	0	0
ENSG00000153347.10	2	2	0
ENSG00000225165.3	0	0	0
ENSG00000198677.12	5822	1	5821
ENSG00000212259.1	1	1	0
ENSG00000164291.17	618	5	613
ENSG00000178015.5	3	0	3
ENSG00000175449.14	43	0	55
ENSG00000145757.16	3	12	3
ENSG00000250240.6	7	79	7
ENSG00000164292.13	2931	1	3009
ENSG00000173221.14	192	9	183
ENSG00000251348.1	5	0	5
ENSG00000251000.1	16	1	15
ENSG00000251409.1	0	1	0
ENSG00000236882.8	2	0	3
ENSG00000272021.1	0	0	0
ENSG00000250362.1	2	0	2
ENSG00000118985.16	4904	1	4903
ENSG00000251314.2	0	0	0
ENSG00000250955.1	0	0	0
ENSG00000213716.3	0	0	0
ENSG00000250551.1	1	0	1
ENSG00000207578.1	0	0	0
ENSG00000206997.1	0	0	0
ENSG00000249746.1	0	0	0
ENSG00000250158.1	0	0	0
ENSG00000175426.11	4	1	3
ENSG00000153113.24	6630	215	7656
ENSG00000249180.1	0	441	0
ENSG00000164307.13	1110	817	1263
ENSG00000248734.2	8	103	2
ENSG00000272109.2	2	74	1
ENSG00000247121.7	7	8	7
ENSG00000164308.17	1229	0	1229
ENSG00000113441.16	1628	1	1635
ENSG00000227836.1	0	0	0
ENSG00000200884.1	0	0	0
ENSG00000213701.4	2	0	2
ENSG00000251513.2	1	44	1
ENSG00000145721.12	2	1	1
ENSG00000058729.11	1047	0	1091
ENSG00000206698.1	0	0	0
ENSG00000286828.1	5	0	5
ENSG00000248758.1	0	0	0
ENSG00000251054.1	0	0	0
ENSG00000249761.1	0	0	0
ENSG00000251389.1	0	0	0
ENSG00000249977.1	0	0	0
ENSG00000250331.2	0	0	0
ENSG00000248931.1	0	0	0
ENSG00000251193.1	0	0	0
ENSG00000286953.1	0	0	0
ENSG00000248202.2	1	0	1
ENSG00000249101.1	0	0	0
ENSG00000248901.2	0	0	0
ENSG00000249135.1	0	0	0
ENSG00000238000.1	12	0	12
ENSG00000176183.8	1	0	1
ENSG00000250221.1	0	0	0
ENSG00000250830.1	0	0	0
ENSG00000249990.1	0	0	0
ENSG00000249448.1	0	0	0
ENSG00000251102.1	70	0	70
ENSG00000251553.1	1	0	1
ENSG00000174136.13	893	8	3014
ENSG00000246763.7	109	149	2
ENSG00000279232.2	4	2085	6
ENSG00000250162.1	2	1	1
ENSG00000153922.11	4845	2	4843
ENSG00000222610.1	2	2	0
ENSG00000248489.2	0	0	0
ENSG00000200351.1	0	0	0
ENSG00000241597.2	0	0	0
ENSG00000249444.2	0	0	0
ENSG00000206356.5	0	0	0
ENSG00000227762.4	0	0	0
ENSG00000249515.1	0	0	0
ENSG00000248236.1	0	0	0
ENSG00000248928.1	0	0	0
ENSG00000250391.1	0	0	0
ENSG00000249963.1	0	0	0
ENSG00000199378.1	0	0	0
ENSG00000270232.1	0	0	0
ENSG00000270230.1	0	0	0
ENSG00000271687.1	0	0	0
ENSG00000270906.1	1	0	1
ENSG00000270350.1	0	0	0
ENSG00000271480.1	0	0	0
ENSG00000270388.1	0	0	0
ENSG00000270307.1	0	0	0
ENSG00000270225.1	0	0	0
ENSG00000271207.1	0	0	0
ENSG00000274455.1	0	0	0
ENSG00000207077.1	0	0	0
ENSG00000275374.1	1	0	1
ENSG00000273957.1	0	0	0
ENSG00000249787.2	0	0	0
ENSG00000247877.7	0	0	0
ENSG00000174132.9	259	0	259
ENSG00000250806.2	0	0	0
ENSG00000207269.1	0	0	0
ENSG00000113532.13	98	0	98
ENSG00000221263.1	0	0	0
ENSG00000277506.1	0	0	0
ENSG00000251261.4	0	0	0
ENSG00000249495.1	0	0	0
ENSG00000199786.1	0	0	0
ENSG00000248261.2	0	0	0
ENSG00000173930.9	3	0	3
ENSG00000222987.1	0	0	0
ENSG00000205359.10	0	0	0
ENSG00000249017.1	0	0	0
ENSG00000250958.1	0	0	0
ENSG00000250682.6	0	0	0
ENSG00000247402.2	0	0	0
ENSG00000286338.1	0	0	0
ENSG00000145730.20	4479	2	4477
ENSG00000175749.11	1	0	1
ENSG00000145723.17	200	0	200
ENSG00000145725.20	2181	1	2180
ENSG00000248203.1	0	0	0
ENSG00000181751.10	1160	0	1160
ENSG00000250567.1	0	0	0
ENSG00000226926.7	1	0	1
ENSG00000248757.2	0	0	0
ENSG00000112874.10	418	0	418
ENSG00000283462.2	0	0	0
ENSG00000251026.2	0	0	0
ENSG00000201910.1	0	0	0
ENSG00000239808.3	0	0	0
ENSG00000251574.8	1	0	1
ENSG00000278958.1	0	0	0
ENSG00000253776.1	0	0	0
ENSG00000252881.1	0	0	0
ENSG00000253584.1	0	0	0
ENSG00000232159.3	0	0	0
ENSG00000201790.1	0	0	0
ENSG00000251204.1	0	0	0
ENSG00000250145.1	0	0	0
ENSG00000252337.1	0	0	0
ENSG00000251027.2	0	0	0
ENSG00000250273.1	217	40	177
ENSG00000184349.13	593	1	592
ENSG00000249959.6	0	0	0
ENSG00000248827.1	1	0	1
ENSG00000239708.3	0	0	0
ENSG00000251732.1	0	0	0
ENSG00000145743.17	1094	1	1093
ENSG00000286503.1	0	0	0
ENSG00000244245.1	995	0	995
ENSG00000272523.1	3	1	2
ENSG00000151422.13	2971	2	3010
ENSG00000249921.2	5	0	5
ENSG00000250383.1	0	0	0
ENSG00000207404.1	0	0	0
ENSG00000250441.1	0	0	0
ENSG00000206593.1	0	0	0
ENSG00000176857.5	12	0	12
ENSG00000286882.1	0	41	0
ENSG00000249476.2	15	0	15
ENSG00000198961.10	3388	0	3388
ENSG00000248867.1	0	0	0
ENSG00000251367.1	1	1	0
ENSG00000248876.1	0	0	0
ENSG00000248440.1	0	0	0
ENSG00000214794.4	0	0	0
ENSG00000271849.1	1	0	1
ENSG00000112893.9	2241	0	2241
ENSG00000202512.1	1	1	0
ENSG00000249068.1	1	1	0
ENSG00000254106.1	0	0	0
ENSG00000253224.1	1	1	0
ENSG00000186952.15	7	0	7
ENSG00000221436.1	0	0	0
ENSG00000207177.1	0	0	0
ENSG00000164209.17	2903	0	2903
ENSG00000270779.1	0	0	0
ENSG00000248966.1	54	0	54
ENSG00000248428.1	0	0	0
ENSG00000251627.1	0	0	0
ENSG00000145777.15	6	0	6
ENSG00000253613.2	0	0	0
ENSG00000134987.11	3226	0	3226
ENSG00000250728.1	0	0	0
ENSG00000214784.4	79	0	79
ENSG00000152495.11	2166	15	2151
ENSG00000249318.1	2	2	0
ENSG00000248268.1	0	0	0
ENSG00000164211.13	2154	15	2155
ENSG00000246859.3	281	2455	12
ENSG00000249619.1	0	0	0
ENSG00000251099.2	0	0	0
ENSG00000134986.14	270	6	2434
ENSG00000253057.1	0	0	0
ENSG00000249439.1	0	0	0
ENSG00000250095.5	0	0	0
ENSG00000129595.14	15	337	14
ENSG00000224032.7	456	3	787
ENSG00000238363.1	7	0	7
ENSG00000250882.1	0	0	0
ENSG00000251187.5	0	2	0
ENSG00000251076.1	0	0	0
ENSG00000248350.1	0	0	0
ENSG00000278921.2	0	0	0
ENSG00000248430.1	0	0	0
ENSG00000251014.1	0	0	0
ENSG00000250358.6	0	0	0
ENSG00000134982.17	4883	0	4883
ENSG00000250045.2	0	0	0
ENSG00000212370.1	1	0	1
ENSG00000258864.1	0	0	0
ENSG00000153037.15	665	25	642
ENSG00000129625.13	2885	29	2875
ENSG00000249947.2	2	0	2
ENSG00000212643.3	0	0	0
ENSG00000172795.17	2077	9	2070
ENSG00000171444.18	1135	21	1116
ENSG00000232633.4	0	1	0
ENSG00000212122.4	0	0	1
ENSG00000251741.1	0	0	0
ENSG00000047188.16	1856	0	1856
ENSG00000286839.1	0	0	0
ENSG00000080709.16	71	0	77
ENSG00000222706.1	0	0	0
ENSG00000246316.8	0	6	0
ENSG00000251542.1	0	0	0
ENSG00000251132.1	0	0	0
ENSG00000250242.1	0	0	0
ENSG00000152503.10	107	0	107
ENSG00000250472.1	0	0	0
ENSG00000249791.1	10	10	0
ENSG00000164219.10	1316	1	1346
ENSG00000271797.1	2	31	2
ENSG00000243304.3	1	1	0
ENSG00000164221.13	420	0	420
ENSG00000250197.1	2	0	2
ENSG00000249026.2	4	0	4
ENSG00000248722.1	1	1	0
ENSG00000249944.1	0	0	0
ENSG00000249433.1	0	0	0
ENSG00000250444.1	10	1	9
ENSG00000145780.8	1365	1	1364
ENSG00000243414.6	3	0	8
ENSG00000251201.8	1	0	1
ENSG00000249249.2	30	499	3
ENSG00000134970.14	4432	0	4432
ENSG00000249021.1	0	0	0
ENSG00000248709.3	0	0	0
ENSG00000251118.1	0	0	0
ENSG00000222598.1	0	0	0
ENSG00000129596.5	147	0	147
ENSG00000145782.13	2196	6	2212
ENSG00000177879.17	1635	17	1640
ENSG00000287148.1	0	0	0
ENSG00000172901.20	12	0	12
ENSG00000248295.2	0	0	0
ENSG00000268223.6	44	0	44
ENSG00000185641.6	132	0	132
ENSG00000272265.1	1	0	1
ENSG00000271918.1	11	1	11
ENSG00000145781.9	629	0	630
ENSG00000212457.1	0	0	0
ENSG00000232916.1	0	0	0
ENSG00000250015.1	9	9	0
ENSG00000092421.17	65	27	41
ENSG00000248445.5	10	0	13
ENSG00000239528.1	0	0	0
ENSG00000249167.2	0	0	0
ENSG00000197575.6	2	0	2
ENSG00000251311.1	0	0	0
ENSG00000249150.2	0	0	0
ENSG00000250650.1	0	0	0
ENSG00000250949.1	0	0	0
ENSG00000243758.1	0	0	0
ENSG00000285809.1	0	0	0
ENSG00000248663.6	0	0	0
ENSG00000251477.1	0	0	0
ENSG00000249797.2	0	0	0
ENSG00000249582.1	0	0	0
ENSG00000250891.2	0	0	0
ENSG00000250427.1	0	0	0
ENSG00000249551.1	0	0	0
ENSG00000286745.1	0	0	0
ENSG00000249128.1	0	0	0
ENSG00000238904.1	0	0	0
ENSG00000249426.1	0	0	0
ENSG00000169570.10	633	0	633
ENSG00000197744.5	81	0	81
ENSG00000283498.1	111	0	111
ENSG00000249494.6	0	0	0
ENSG00000223179.3	0	0	0
ENSG00000250678.1	0	0	0
ENSG00000250928.1	0	0	0
ENSG00000172869.14	1569	0	1569
ENSG00000248885.1	0	0	0
ENSG00000248979.2	0	0	0
ENSG00000206786.1	0	0	0
ENSG00000264536.1	0	0	0
ENSG00000145779.8	291	0	291
ENSG00000243333.3	0	0	0
ENSG00000202092.1	0	0	0
ENSG00000133835.17	3489	0	3489
ENSG00000213663.4	0	0	0
ENSG00000249919.1	0	0	0
ENSG00000164334.15	1	0	1
ENSG00000250895.1	0	0	0
ENSG00000234259.3	0	0	0
ENSG00000251293.1	0	0	0
ENSG00000251975.1	0	0	0
ENSG00000261036.2	0	0	0
ENSG00000184838.15	285	0	285
ENSG00000270741.1	0	0	0
ENSG00000222609.1	0	0	0
ENSG00000248927.1	36	0	36
ENSG00000251135.2	0	0	0
ENSG00000248853.1	0	0	0
ENSG00000229855.9	0	0	0
ENSG00000250847.1	0	0	0
ENSG00000279860.1	0	0	0
ENSG00000244088.1	0	0	0
ENSG00000213661.3	1	0	1
ENSG00000249600.1	0	0	0
ENSG00000181867.3	0	0	0
ENSG00000151304.6	1042	27	1046
ENSG00000113083.15	280	55	256
ENSG00000247311.3	0	0	0
ENSG00000164185.6	7	0	7
ENSG00000250803.6	1	0	1
ENSG00000249610.1	3	3	0
ENSG00000272139.1	0	0	0
ENSG00000064692.20	0	0	1
ENSG00000249621.1	0	0	0
ENSG00000249916.1	0	0	0
ENSG00000287794.1	0	0	0
ENSG00000250328.6	0	1	0
ENSG00000251538.7	0	0	0
ENSG00000240058.3	0	0	0
ENSG00000205302.7	2485	1	2484
ENSG00000260686.1	0	0	0
ENSG00000064652.11	1105	49	1102
ENSG00000263432.2	3	0	3
ENSG00000168938.6	199	6	249
ENSG00000249996.1	5	9	5
ENSG00000276047.1	0	0	0
ENSG00000223652.2	2	2	0
ENSG00000061455.11	12	0	12
ENSG00000213655.4	0	0	0
ENSG00000168944.17	1400	0	1400
ENSG00000250539.1	12	0	12
ENSG00000249400.1	0	0	0
ENSG00000279772.1	0	0	0
ENSG00000151292.17	2737	0	2737
ENSG00000235275.3	1	0	1
ENSG00000253807.6	0	0	0
ENSG00000250862.1	0	0	0
ENSG00000251421.2	0	0	0
ENSG00000248600.2	0	0	0
ENSG00000251214.1	0	0	0
ENSG00000250438.1	0	0	0
ENSG00000248296.1	0	0	0
ENSG00000168916.15	78	0	78
ENSG00000249112.1	0	0	0
ENSG00000251456.1	0	0	0
ENSG00000242814.2	0	0	45
ENSG00000260192.3	0	45	0
ENSG00000248443.1	0	0	0
ENSG00000249261.1	0	0	0
ENSG00000288008.1	0	0	0
ENSG00000250194.1	0	0	0
ENSG00000250721.1	0	0	0
ENSG00000248752.3	0	0	0
ENSG00000222107.1	0	0	0
ENSG00000250402.2	0	0	0
ENSG00000286111.1	0	0	0
ENSG00000249950.1	0	0	0
ENSG00000249904.1	0	0	0
ENSG00000241888.2	0	0	0
ENSG00000248107.2	0	0	0
ENSG00000155324.10	50	0	63
ENSG00000250602.6	0	13	0
ENSG00000279118.1	3	0	3
ENSG00000164904.18	1219	1	1218
ENSG00000202082.2	1	0	1
ENSG00000164902.14	3032	1	3031
ENSG00000230929.5	9	9	0
ENSG00000196900.5	0	0	0
ENSG00000213630.3	0	0	0
ENSG00000249768.2	0	0	0
ENSG00000251072.2	0	0	0
ENSG00000252185.1	0	0	0
ENSG00000113368.12	5701	1	5700
ENSG00000173926.6	50	19	31
ENSG00000164241.13	28	0	28
ENSG00000279446.1	0	0	0
ENSG00000214743.4	0	0	0
ENSG00000250080.1	0	0	0
ENSG00000271585.1	0	0	0
ENSG00000250956.1	0	0	0
ENSG00000283897.2	0	0	0
ENSG00000286615.1	1	1	0
ENSG00000145794.17	2	0	2
ENSG00000249577.1	0	0	0
ENSG00000271766.1	0	0	0
ENSG00000250859.1	174	0	174
ENSG00000164244.21	1897	0	1897
ENSG00000282925.1	0	0	0
ENSG00000205279.8	0	0	0
ENSG00000248799.1	0	0	0
ENSG00000230561.4	5	9	0
ENSG00000251032.1	2	0	2
ENSG00000250603.1	0	0	0
ENSG00000245937.8	446	0	450
ENSG00000064651.14	2079	0	2079
ENSG00000250329.1	1	0	1
ENSG00000138829.12	1280	1	1282
ENSG00000207290.1	0	0	0
ENSG00000113396.13	1	3	1
ENSG00000248634.1	0	0	0
ENSG00000066583.12	640	0	640
ENSG00000264563.1	0	0	0
ENSG00000286274.1	2	0	2
ENSG00000265691.1	0	0	0
ENSG00000249421.2	0	0	0
ENSG00000145808.10	0	0	0
ENSG00000251680.6	0	0	0
ENSG00000186367.7	0	0	0
ENSG00000198108.4	7	0	7
ENSG00000221562.1	0	0	0
ENSG00000199455.1	0	0	0
ENSG00000248610.1	0	0	0
ENSG00000252514.1	0	0	0
ENSG00000249312.1	0	0	0
ENSG00000249418.2	0	0	0
ENSG00000287390.1	0	0	0
ENSG00000244192.1	11	0	11
ENSG00000250405.2	0	0	0
ENSG00000248955.1	0	0	0
ENSG00000169567.13	2659	0	2659
ENSG00000186687.16	1764	2	1762
ENSG00000158985.14	908	5	903
ENSG00000279370.1	0	0	0
ENSG00000158987.22	312	0	312
ENSG00000273217.1	0	0	0
ENSG00000275939.1	2	0	2
ENSG00000217128.12	1992	0	1992
ENSG00000286676.1	0	0	0
ENSG00000279584.1	0	0	0
ENSG00000239642.6	0	0	0
ENSG00000281938.2	0	0	0
ENSG00000234758.1	0	3	0
ENSG00000164398.15	6	0	6
ENSG00000223548.1	0	0	0
ENSG00000231585.1	0	0	0
ENSG00000164399.5	0	0	0
ENSG00000164400.6	18	0	18
ENSG00000253067.1	0	0	0
ENSG00000227616.1	0	0	0
ENSG00000235775.1	0	0	0
ENSG00000224015.1	0	0	0
ENSG00000237714.1	1	52	0
ENSG00000072682.19	780	3	828
ENSG00000224431.1	7	7	0
ENSG00000283678.1	0	0	0
ENSG00000131435.13	641	0	641
ENSG00000197208.6	63	6	69
ENSG00000233006.8	4	14	4
ENSG00000263597.1	0	0	0
ENSG00000197375.13	181	0	183
ENSG00000197536.11	16	100	18
ENSG00000283782.2	0	0	0
ENSG00000238160.1	0	0	0
ENSG00000202533.1	2	1	1
ENSG00000234290.2	9	6	9
ENSG00000125347.14	335	0	504
ENSG00000113525.10	0	0	0
ENSG00000113522.14	25	0	25
ENSG00000223442.1	0	23	0
ENSG00000169194.9	0	0	0
ENSG00000113520.11	0	0	0
ENSG00000230612.3	2	2	0
ENSG00000131437.16	789	0	789
ENSG00000205089.8	1	7	0
ENSG00000164402.14	1699	0	1705
ENSG00000198944.6	0	0	0
ENSG00000272203.1	0	0	0
ENSG00000164403.15	78	0	78
ENSG00000201274.1	0	0	0
ENSG00000164404.8	1	35	1
ENSG00000164405.11	2032	0	2067
ENSG00000164406.8	16	1	15
ENSG00000072364.13	5169	7	5162
ENSG00000235253.1	1	0	1
ENSG00000202417.1	0	0	0
ENSG00000225364.1	0	0	0
ENSG00000272023.1	0	0	0
ENSG00000229738.1	1	0	1
ENSG00000199677.1	0	0	0
ENSG00000155329.12	471	0	471
ENSG00000248648.1	2	2	0
ENSG00000287054.1	3	0	3
ENSG00000286408.1	7	0	7
ENSG00000170606.15	11821	2	11819
ENSG00000279691.1	2	0	2
ENSG00000251616.1	0	0	0
ENSG00000248245.1	0	0	0
ENSG00000240611.1	0	0	0
ENSG00000053108.17	0	0	0
ENSG00000249478.1	0	0	0
ENSG00000250244.5	0	0	0
ENSG00000250409.1	0	0	0
ENSG00000221287.1	0	0	0
ENSG00000280104.1	0	0	0
ENSG00000279197.1	0	0	0
ENSG00000251243.1	0	0	0
ENSG00000249073.1	0	0	0
ENSG00000113583.8	2885	0	2885
ENSG00000213585.11	7524	1	7523
ENSG00000271737.1	3	0	3
ENSG00000271128.1	0	0	0
ENSG00000081059.20	6	15	0
ENSG00000113558.19	3659	0	3668
ENSG00000272772.1	0	0	0
ENSG00000113575.10	4943	0	4943
ENSG00000273345.5	3	0	3
ENSG00000266751.1	0	164	0
ENSG00000270177.1	1	0	1
ENSG00000239615.1	1	0	1
ENSG00000006837.12	11	0	11
ENSG00000119048.8	1096	2	1094
ENSG00000279469.1	2	0	2
ENSG00000248559.1	10	10	0
ENSG00000237190.4	519	0	519
ENSG00000243648.1	4	0	4
ENSG00000250564.2	0	0	0
ENSG00000250994.1	0	0	0
ENSG00000207222.1	0	0	0
ENSG00000251169.2	0	0	0
ENSG00000240250.3	0	0	0
ENSG00000280420.1	1	0	1
ENSG00000043143.20	1727	1	1726
ENSG00000152700.14	1792	41	1789
ENSG00000207459.1	0	0	0
ENSG00000113615.13	2222	0	2260
ENSG00000201298.1	0	0	0
ENSG00000222266.1	2	0	2
ENSG00000164615.6	925	0	925
ENSG00000145833.16	6950	6	6944
ENSG00000241179.1	2	2	0
ENSG00000181904.9	3324	1	3323
ENSG00000270892.1	0	0	0
ENSG00000113621.15	985	1	984
ENSG00000132570.15	314	0	314
ENSG00000279799.1	3	0	3
ENSG00000244921.2	3	3	0
ENSG00000249119.1	8	4	4
ENSG00000248923.1	34	23	11
ENSG00000247627.2	75	10	65
ENSG00000198868.3	3	1	2
ENSG00000263963.1	0	0	0
ENSG00000249192.1	1	1	0
ENSG00000152705.8	7	0	7
ENSG00000069011.16	32	0	32
ENSG00000224186.8	20	1268	22
ENSG00000277619.1	0	0	0
ENSG00000249082.2	0	0	0
ENSG00000248753.1	0	0	0
ENSG00000248482.1	0	0	0
ENSG00000249647.2	1	1	0
ENSG00000113648.16	6683	25	7930
ENSG00000270021.1	3	1	3
ENSG00000251380.3	0	0	0
ENSG00000255833.2	0	0	0
ENSG00000249639.1	0	0	0
ENSG00000181965.6	0	0	0
ENSG00000250167.1	0	0	0
ENSG00000145824.13	1	0	1
ENSG00000145832.14	0	1	0
ENSG00000251045.1	0	0	0
ENSG00000223539.4	0	0	0
ENSG00000265924.1	0	0	0
ENSG00000250378.4	0	0	0
ENSG00000145839.2	0	0	0
ENSG00000254239.1	0	0	0
ENSG00000253927.1	0	0	0
ENSG00000145826.9	0	0	0
ENSG00000164616.16	0	0	0
ENSG00000120708.17	28429	4	28425
ENSG00000270123.4	0	0	0
ENSG00000278815.1	0	0	0
ENSG00000164621.5	0	3	0
ENSG00000277859.1	0	0	0
ENSG00000113658.18	2546	0	2546
ENSG00000275646.1	0	0	0
ENSG00000277524.1	0	0	0
ENSG00000274934.1	0	0	1
ENSG00000271824.2	0	0	0
ENSG00000069018.19	2	2	0
ENSG00000248211.1	5	0	5
ENSG00000250947.1	0	0	0
ENSG00000279240.1	0	0	0
ENSG00000248351.1	0	0	0
ENSG00000213568.4	0	0	0
ENSG00000249803.6	0	0	0
ENSG00000250284.3	0	0	0
ENSG00000248616.1	0	0	0
ENSG00000222285.1	0	0	0
ENSG00000152377.14	6357	1	6356
ENSG00000146021.15	4	0	4
ENSG00000216009.3	0	0	0
ENSG00000177733.7	3992	1	3991
ENSG00000287067.1	0	0	0
ENSG00000270697.1	1	0	1
ENSG00000226306.6	0	0	0
ENSG00000250159.7	11	0	16
ENSG00000120729.10	0	3	0
ENSG00000078795.17	4	155	0
ENSG00000031003.10	1146	1	1303
ENSG00000246323.2	0	9	0
ENSG00000250260.1	0	0	0
ENSG00000222924.1	0	0	0
ENSG00000061492.12	0	0	0
ENSG00000112981.5	1	0	1
ENSG00000212460.1	0	0	0
ENSG00000199880.1	0	0	0
ENSG00000112983.18	1900	2	1905
ENSG00000112984.12	3718	35	3730
ENSG00000094880.11	1890	49	1881
ENSG00000146013.11	1	0	1
ENSG00000249851.1	0	0	0
ENSG00000158402.20	580	2	580
ENSG00000120709.11	1388	3	1604
ENSG00000249971.1	0	217	0
ENSG00000120733.14	2415	3	2412
ENSG00000132563.16	149	0	149
ENSG00000271196.1	0	0	0
ENSG00000120738.8	279	1	278
ENSG00000241458.1	1	0	1
ENSG00000120705.13	11156	2	11154
ENSG00000113013.16	14881	4	14877
ENSG00000222937.1	0	0	0
ENSG00000206989.1	0	0	0
ENSG00000044115.21	15263	17	15255
ENSG00000232174.3	0	0	0
ENSG00000238745.1	0	0	0
ENSG00000253404.1	1	0	1
ENSG00000146006.8	142	2	149
ENSG00000120725.13	93	96	115
ENSG00000201532.1	0	0	0
ENSG00000249593.6	1	23	1
ENSG00000242683.1	0	0	0
ENSG00000252533.1	0	0	0
ENSG00000280987.4	0	0	2
ENSG00000281398.4	1368	0	1461
ENSG00000252213.1	6	0	6
ENSG00000200959.1	3	0	3
ENSG00000015479.20	133	1	132
ENSG00000199545.1	4	0	4
ENSG00000253015.1	0	0	0
ENSG00000120727.13	1830	1	2761
ENSG00000272742.1	0	932	0
ENSG00000170482.17	5	5	0
ENSG00000170476.16	0	0	0
ENSG00000228672.4	12	0	12
ENSG00000170469.11	22	0	22
ENSG00000170464.10	480	0	480
ENSG00000279686.1	0	0	0
ENSG00000200378.1	0	0	0
ENSG00000249751.4	1	0	1
ENSG00000283288.1	0	0	0
ENSG00000184584.13	149	1	148
ENSG00000249689.1	0	0	0
ENSG00000249215.1	0	0	0
ENSG00000286403.1	0	0	0
ENSG00000131508.16	2051	0	2051
ENSG00000207020.1	0	0	0
ENSG00000275506.1	1	1	0
ENSG00000272255.1	0	0	0
ENSG00000171604.12	224	1	224
ENSG00000250635.1	0	0	1
ENSG00000249526.1	0	0	0
ENSG00000200756.1	0	0	0
ENSG00000249131.2	0	0	0
ENSG00000251387.1	0	0	0
ENSG00000271792.1	0	0	0
ENSG00000146005.4	0	0	0
ENSG00000158458.21	119	0	129
ENSG00000250692.1	2	12	0
ENSG00000207317.1	0	0	0
ENSG00000245146.7	25	5	24
ENSG00000185129.8	1420	8	1416
ENSG00000182700.5	103	0	103
ENSG00000254363.6	4	0	4
ENSG00000120306.11	306	473	306
ENSG00000250069.1	0	0	0
ENSG00000113068.10	1886	1	2358
ENSG00000113070.8	909	0	909
ENSG00000253965.1	0	0	0
ENSG00000113073.15	2	2	0
ENSG00000249637.2	4	0	4
ENSG00000222790.1	0	0	0
ENSG00000131503.21	65	1	64
ENSG00000254996.5	41	21	20
ENSG00000200051.1	0	0	0
ENSG00000213523.10	657	123	645
ENSG00000243056.2	4	3	1
ENSG00000113108.19	226	25	202
ENSG00000283155.1	0	0	0
ENSG00000283717.1	0	0	0
ENSG00000176087.15	1566	0	1567
ENSG00000283602.1	0	0	0
ENSG00000200235.1	0	0	0
ENSG00000251453.1	0	0	0
ENSG00000240518.2	0	0	0
ENSG00000170458.14	12	0	12
ENSG00000131495.9	398	40	597
ENSG00000113119.13	166	16	185
ENSG00000113141.18	4484	213	4475
ENSG00000284325.1	0	0	0
ENSG00000120314.18	1214	512	1729
ENSG00000256453.2	0	463	37
ENSG00000170445.16	3598	53	4052
ENSG00000112855.17	1599	2	1600
ENSG00000146007.11	2135	0	2135
ENSG00000199990.1	0	0	0
ENSG00000202111.1	0	0	0
ENSG00000202515.1	14	0	14
ENSG00000250515.1	0	0	0
ENSG00000248106.2	0	0	0
ENSG00000279726.2	6	18	18
ENSG00000204970.10	0	7	2
ENSG00000204969.7	10	10	0
ENSG00000255408.4	15	17	0
ENSG00000204967.12	36	9	27
ENSG00000204965.9	91	11	92
ENSG00000081842.18	4	5	6
ENSG00000204963.6	88	1	87
ENSG00000204962.6	8	0	8
ENSG00000204961.7	6	0	6
ENSG00000278907.1	0	0	0
ENSG00000250120.8	17	0	19
ENSG00000249504.3	0	0	0
ENSG00000278946.1	0	2	0
ENSG00000249158.7	1	0	1
ENSG00000251664.5	0	0	0
ENSG00000278915.1	0	0	0
ENSG00000278901.1	0	0	0
ENSG00000239389.8	0	0	0
ENSG00000248383.5	6	0	6
ENSG00000279028.1	0	0	0
ENSG00000243232.6	6	0	6
ENSG00000279047.4	0	152	0
ENSG00000171815.6	0	0	0
ENSG00000279558.1	0	0	0
ENSG00000112852.7	52	0	204
ENSG00000272154.5	1	16	0
ENSG00000113205.5	27	0	33
ENSG00000272108.1	2	0	2
ENSG00000081818.4	101	0	101
ENSG00000113209.9	0	0	0
ENSG00000280029.4	0	1	0
ENSG00000113211.5	1	0	1
ENSG00000255622.3	1	0	1
ENSG00000280336.1	0	0	0
ENSG00000113212.7	50	0	59
ENSG00000120322.4	14	0	14
ENSG00000279472.1	0	0	0
ENSG00000272674.3	135	0	181
ENSG00000279068.1	2	0	2
ENSG00000278936.1	0	46	0
ENSG00000177839.7	121	0	121
ENSG00000279375.1	15	15	0
ENSG00000120324.9	77	0	77
ENSG00000197479.7	15	0	15
ENSG00000120328.6	60	0	60
ENSG00000187372.11	17	0	17
ENSG00000120327.6	184	0	184
ENSG00000279983.1	0	0	0
ENSG00000146001.5	2	1	1
ENSG00000262096.2	0	0	1
ENSG00000113248.6	8	0	8
ENSG00000277795.1	0	0	0
ENSG00000178913.8	3439	0	3439
ENSG00000120329.7	0	0	0
ENSG00000288095.1	0	0	0
ENSG00000272070.1	1	0	1
ENSG00000204956.5	31	0	31
ENSG00000081853.15	10	1	9
ENSG00000254245.3	1	0	1
ENSG00000254221.2	12	0	16
ENSG00000280026.1	0	4	0
ENSG00000262576.3	16	0	16
ENSG00000253910.2	50	0	50
ENSG00000253485.2	4	1	4
ENSG00000262209.3	7	0	7
ENSG00000253731.3	44	0	44
ENSG00000253537.3	8	0	8
ENSG00000253953.3	2	0	2
ENSG00000253767.2	1	0	1
ENSG00000276547.1	0	0	0
ENSG00000261934.2	9	0	9
ENSG00000253305.2	3	0	3
ENSG00000253846.2	96	0	96
ENSG00000254122.3	62	0	62
ENSG00000253873.6	17	0	17
ENSG00000248449.2	2	0	3
ENSG00000279855.1	0	1	0
ENSG00000253159.3	3	0	3
ENSG00000276545.1	3	0	3
ENSG00000273557.1	0	0	0
ENSG00000240184.7	913	0	913
ENSG00000242020.3	2	0	2
ENSG00000242419.5	9	1	8
ENSG00000240764.4	13	1	12
ENSG00000131504.17	8564	1	8564
ENSG00000246422.2	2	2	0
ENSG00000240974.1	0	0	0
ENSG00000228737.2	4	141	0
ENSG00000171720.10	1539	1	1675
ENSG00000164620.9	67	78	124
ENSG00000197948.11	405	65	475
ENSG00000120318.16	1200	1	1199
ENSG00000286736.1	0	0	0
ENSG00000287527.1	0	0	0
ENSG00000278925.1	0	0	0
ENSG00000156453.14	634	0	634
ENSG00000287726.1	4	0	4
ENSG00000226040.3	11	0	11
ENSG00000081791.9	1228	2	1226
ENSG00000113555.6	27	28	0
ENSG00000271871.1	4	0	4
ENSG00000013561.18	1597	0	1652
ENSG00000254099.1	3	57	0
ENSG00000113552.16	2498	3	2495
ENSG00000250347.1	0	0	0
ENSG00000131507.11	1783	1	1782
ENSG00000280047.1	16	0	16
ENSG00000187678.10	636	0	636
ENSG00000277968.1	1	1	0
ENSG00000274721.1	7	7	0
ENSG00000231185.7	0	0	0
ENSG00000225147.1	0	0	0
ENSG00000113578.18	159	0	159
ENSG00000261757.1	0	0	0
ENSG00000236714.3	0	0	0
ENSG00000287203.1	0	0	0
ENSG00000145819.18	463	0	463
ENSG00000226272.5	0	0	0
ENSG00000285366.1	0	0	0
ENSG00000230789.1	0	0	0
ENSG00000113580.15	4821	0	4821
ENSG00000231579.3	20	1	19
ENSG00000279679.1	0	0	0
ENSG00000279130.1	1	0	1
ENSG00000249429.1	0	0	0
ENSG00000251205.3	0	0	0
ENSG00000253023.1	0	0	0
ENSG00000249881.1	0	0	0
ENSG00000266478.1	0	0	0
ENSG00000225869.4	0	0	0
ENSG00000158497.5	0	0	0
ENSG00000239390.3	0	0	0
ENSG00000145817.17	1508	1	1507
ENSG00000183775.11	3	0	3
ENSG00000249605.1	0	0	0
ENSG00000285605.1	0	0	0
ENSG00000250972.1	0	0	0
ENSG00000213488.4	0	0	0
ENSG00000201423.1	0	0	0
ENSG00000251031.2	0	0	0
ENSG00000249229.2	0	0	0
ENSG00000215325.4	0	0	0
ENSG00000250842.1	1	0	1
ENSG00000248125.2	1	1	0
ENSG00000186314.11	108	0	108
ENSG00000249363.1	3	0	3
ENSG00000204928.2	0	2	0
ENSG00000156463.18	484	0	486
ENSG00000248493.1	0	0	0
ENSG00000173261.9	42	7	42
ENSG00000251556.1	0	369	0
ENSG00000133706.19	7754	3	8113
ENSG00000239602.1	0	0	0
ENSG00000239317.1	1	0	1
ENSG00000275740.1	0	0	0
ENSG00000091009.8	989	0	989
ENSG00000238374.1	0	0	0
ENSG00000250025.2	0	0	0
ENSG00000091010.6	5	0	5
ENSG00000271724.1	0	0	0
ENSG00000248842.1	0	0	0
ENSG00000113649.11	4643	0	4643
ENSG00000277568.1	0	0	0
ENSG00000173250.2	0	0	0
ENSG00000250407.1	0	0	0
ENSG00000156475.18	1	0	1
ENSG00000280646.2	0	0	0
ENSG00000241291.3	1	0	1
ENSG00000248568.1	0	0	0
ENSG00000249553.1	0	0	0
ENSG00000286468.1	0	0	0
ENSG00000250343.1	0	0	0
ENSG00000169302.16	1	1	0
ENSG00000113657.13	3803	1	3802
ENSG00000272239.1	0	0	0
ENSG00000280780.2	0	2	0
ENSG00000176049.16	21	0	23
ENSG00000287630.1	0	0	0
ENSG00000164266.11	1	0	1
ENSG00000249518.1	0	0	0
ENSG00000164265.9	0	0	0
ENSG00000178776.5	38	0	38
ENSG00000248362.1	3	0	3
ENSG00000251320.1	8	8	0
ENSG00000250346.1	0	0	0
ENSG00000133710.16	0	0	0
ENSG00000247199.5	6	1	5
ENSG00000196800.6	0	0	0
ENSG00000178172.7	0	0	0
ENSG00000249503.1	0	0	0
ENSG00000248109.3	0	0	0
ENSG00000214510.10	0	0	0
ENSG00000249834.3	0	0	0
ENSG00000145879.11	0	0	0
ENSG00000204909.8	0	0	0
ENSG00000283653.1	0	0	0
ENSG00000145868.17	1883	1	1882
ENSG00000274799.1	0	0	0
ENSG00000251330.3	1	1	0
ENSG00000164270.18	0	0	0
ENSG00000253297.1	0	0	0
ENSG00000169252.6	149	0	149
ENSG00000169247.14	2465	0	2465
ENSG00000272411.1	1	1	0
ENSG00000251842.1	0	0	0
ENSG00000207714.3	0	0	0
ENSG00000250072.6	56	0	56
ENSG00000200161.1	0	0	0
ENSG00000173210.20	2178	0	2243
ENSG00000248647.2	1	1	0
ENSG00000253406.1	1	66	0
ENSG00000157510.14	360	0	360
ENSG00000285736.1	0	0	0
ENSG00000164284.15	1686	1	1736
ENSG00000253618.1	0	51	0
ENSG00000145882.11	124	0	124
ENSG00000127743.6	0	0	0
ENSG00000253865.1	0	0	0
ENSG00000249669.10	1	0	1
ENSG00000275871.1	0	0	0
ENSG00000284182.1	0	0	0
ENSG00000276365.1	0	0	0
ENSG00000113712.19	5284	0	5284
ENSG00000230551.4	369	0	369
ENSG00000241112.1	1	0	1
ENSG00000183111.12	3	0	3
ENSG00000222213.1	0	0	0
ENSG00000287323.1	0	0	0
ENSG00000221043.2	0	0	0
ENSG00000242928.3	0	0	0
ENSG00000155846.17	381	1	381
ENSG00000199047.3	0	0	0
ENSG00000132915.11	13	2	11
ENSG00000251583.1	10	0	10
ENSG00000200334.1	0	0	0
ENSG00000155850.8	5907	3	5907
ENSG00000164296.7	115	2	118
ENSG00000113716.13	2098	2	2098
ENSG00000248696.1	1	1	0
ENSG00000241907.1	5	5	0
ENSG00000182578.14	5	2	3
ENSG00000214485.6	2476	0	2476
ENSG00000199409.1	0	0	0
ENSG00000113721.14	5	0	5
ENSG00000113722.17	0	0	0
ENSG00000011083.9	0	1	0
ENSG00000070808.16	0	0	1
ENSG00000183876.9	20	0	20
ENSG00000070814.22	5123	18	5339
ENSG00000019582.15	22431	234	22432
ENSG00000286331.1	5	5	0
ENSG00000164587.13	10094	3	10091
ENSG00000254333.1	0	10	0
ENSG00000070614.15	6148	0	6158
ENSG00000171992.13	475	0	475
ENSG00000253852.1	0	0	0
ENSG00000286657.1	0	0	0
ENSG00000164591.14	2	3	0
ENSG00000250309.2	0	0	0
ENSG00000086589.12	2237	0	2237
ENSG00000132912.13	3095	0	3095
ENSG00000256235.2	83	0	83
ENSG00000237693.4	1	0	1
ENSG00000145908.12	271	2	269
ENSG00000197083.11	1	0	1
ENSG00000274235.1	0	0	0
ENSG00000277866.1	0	0	0
ENSG00000211445.12	22	22	0
ENSG00000145901.16	2230	0	2230
ENSG00000197043.14	2586	0	2586
ENSG00000254298.1	0	0	0
ENSG00000285420.1	0	0	0
ENSG00000198624.13	74	0	74
ENSG00000196743.9	936	0	936
ENSG00000186334.10	0	0	0
ENSG00000186335.9	0	0	0
ENSG00000270904.1	0	0	0
ENSG00000253897.2	0	0	0
ENSG00000253472.1	0	0	0
ENSG00000271494.1	0	0	0
ENSG00000123643.13	638	0	638
ENSG00000200227.1	1	1	0
ENSG00000086570.12	11	14	0
ENSG00000271795.1	9	0	12
ENSG00000276622.1	0	0	0
ENSG00000288081.1	0	0	0
ENSG00000260581.1	0	0	0
ENSG00000113140.11	28670	4	28691
ENSG00000249035.7	12	45	0
ENSG00000222102.1	0	0	0
ENSG00000272112.1	0	0	8
ENSG00000177556.12	1214	7	1214
ENSG00000253921.1	5	5	0
ENSG00000213433.5	13	0	13
ENSG00000275765.5	16	0	16
ENSG00000145907.16	17717	4	17720
ENSG00000145888.11	4	4	0
ENSG00000270978.1	0	0	0
ENSG00000222308.1	0	0	0
ENSG00000254226.6	0	0	0
ENSG00000286749.1	0	0	0
ENSG00000132911.5	0	0	0
ENSG00000242080.1	0	0	0
ENSG00000249484.9	0	0	0
ENSG00000155511.18	0	0	0
ENSG00000242976.3	0	0	0
ENSG00000251183.1	0	0	0
ENSG00000261382.1	0	0	0
ENSG00000055147.19	894	0	894
ENSG00000037749.12	1698	1	1697
ENSG00000164574.16	1016	14	1088
ENSG00000245275.8	53	126	13
ENSG00000253119.1	1	0	1
ENSG00000287695.1	1	0	1
ENSG00000221430.1	0	0	0
ENSG00000241963.3	0	0	0
ENSG00000164576.12	691	1	690
ENSG00000113196.3	0	0	0
ENSG00000254293.1	0	0	0
ENSG00000253886.1	1	0	1
ENSG00000253146.1	2	0	2
ENSG00000264760.1	0	0	0
ENSG00000221552.1	0	0	0
ENSG00000274472.1	0	0	0
ENSG00000155506.18	10092	7	10085
ENSG00000272197.2	0	0	0
ENSG00000241187.1	0	0	0
ENSG00000170271.11	46	84	0
ENSG00000277039.1	2	0	2
ENSG00000263361.1	0	0	0
ENSG00000155508.14	1383	1	1420
ENSG00000082516.9	1775	2	1773
ENSG00000082515.18	602	0	602
ENSG00000253261.1	0	0	0
ENSG00000226650.6	45	3	42
ENSG00000287963.1	0	0	0
ENSG00000253646.1	0	0	0
ENSG00000271477.1	0	0	0
ENSG00000270442.1	1	0	1
ENSG00000200275.1	0	0	0
ENSG00000170624.13	0	0	0
ENSG00000286690.1	0	0	0
ENSG00000253370.2	0	0	0
ENSG00000254163.1	0	0	0
ENSG00000199468.1	0	0	0
ENSG00000231989.5	68	0	68
ENSG00000145850.9	0	0	0
ENSG00000270560.1	0	0	0
ENSG00000113249.13	0	0	0
ENSG00000135077.9	0	0	0
ENSG00000254246.1	0	0	0
ENSG00000155868.8	335	0	336
ENSG00000113263.13	7	1	7
ENSG00000170613.4	0	0	0
ENSG00000253980.1	0	0	0
ENSG00000253653.1	0	3	0
ENSG00000055163.20	2446	8	2603
ENSG00000285868.1	2	154	2
ENSG00000172568.5	0	0	0
ENSG00000251405.3	3	0	3
ENSG00000248544.2	7	5	4
ENSG00000135074.16	2953	8	2951
ENSG00000253155.1	0	0	0
ENSG00000172548.14	5	1	4
ENSG00000253519.1	0	0	0
ENSG00000252068.1	0	0	0
ENSG00000254336.1	0	0	0
ENSG00000039600.11	2	0	2
ENSG00000187658.7	0	0	0
ENSG00000253798.2	0	0	0
ENSG00000113272.14	495	1	494
ENSG00000155858.6	359	0	359
ENSG00000253630.1	0	0	0
ENSG00000113282.14	4725	1	4724
ENSG00000206819.1	0	0	0
ENSG00000244331.1	1	0	1
ENSG00000222626.1	0	0	0
ENSG00000253743.1	0	0	0
ENSG00000213414.3	4	0	4
ENSG00000253422.1	0	0	0
ENSG00000253792.1	0	0	0
ENSG00000253673.1	0	0	0
ENSG00000254047.2	0	0	0
ENSG00000253449.1	0	0	0
ENSG00000253424.1	0	0	0
ENSG00000253134.1	0	0	0
ENSG00000276778.1	0	0	0
ENSG00000254350.1	0	0	0
ENSG00000272085.1	0	0	0
ENSG00000254135.3	0	0	0
ENSG00000164330.17	22	0	22
ENSG00000253811.1	0	0	0
ENSG00000253456.1	0	0	0
ENSG00000245812.3	0	0	0
ENSG00000279204.1	0	0	0
ENSG00000145860.12	3546	0	3546
ENSG00000253256.1	0	0	0
ENSG00000253315.1	0	0	0
ENSG00000252458.1	0	0	0
ENSG00000164332.8	2421	0	2421
ENSG00000249738.10	5	0	5
ENSG00000113302.5	0	0	0
ENSG00000221601.1	0	0	0
ENSG00000253298.2	0	0	0
ENSG00000283413.1	0	0	0
ENSG00000253311.3	1	0	1
ENSG00000170214.5	99	0	99
ENSG00000248626.1	5	0	5
ENSG00000199398.1	0	0	0
ENSG00000113312.11	2876	1	2875
ENSG00000223908.5	0	0	0
ENSG00000170234.13	677	8	669
ENSG00000170231.16	21	0	21
ENSG00000247699.2	0	0	0
ENSG00000253772.1	1	1	0
ENSG00000135083.16	944	1	943
ENSG00000254373.1	29	0	29
ENSG00000270612.1	0	0	0
ENSG00000145861.9	3	0	3
ENSG00000221886.4	107	0	107
ENSG00000164609.10	2091	0	2091
ENSG00000164611.13	2592	0	2592
ENSG00000253522.6	76	0	76
ENSG00000265237.1	0	0	0
ENSG00000283733.1	0	0	0
ENSG00000118322.14	0	0	0
ENSG00000253687.1	0	0	0
ENSG00000254391.1	0	0	0
ENSG00000253417.5	1	0	1
ENSG00000145864.14	6	0	6
ENSG00000145863.11	0	0	0
ENSG00000253403.1	0	0	0
ENSG00000118990.5	0	0	0
ENSG00000022355.18	0	0	0
ENSG00000280776.2	0	0	0
ENSG00000113327.17	0	0	0
ENSG00000254186.3	0	0	0
ENSG00000201474.1	0	0	0
ENSG00000254351.1	0	0	0
ENSG00000249449.1	0	0	0
ENSG00000250114.1	0	0	0
ENSG00000113328.19	5225	1	5224
ENSG00000170584.11	842	33	809
ENSG00000072571.20	2278	5	2453
ENSG00000251018.2	1	181	0
ENSG00000038274.17	1872	2	1870
ENSG00000285590.1	0	0	0
ENSG00000224012.3	0	0	0
ENSG00000251998.1	0	0	0
ENSG00000273569.1	0	0	0
ENSG00000271679.1	0	0	0
ENSG00000253331.1	0	0	0
ENSG00000253538.1	0	0	0
ENSG00000241956.10	0	0	0
ENSG00000253236.2	0	0	0
ENSG00000253600.1	0	0	0
ENSG00000206845.1	0	0	0
ENSG00000285549.1	0	0	0
ENSG00000254066.2	0	0	0
ENSG00000253693.1	0	0	0
ENSG00000252794.1	0	0	0
ENSG00000253512.1	0	0	0
ENSG00000253946.1	0	0	0
ENSG00000254252.1	0	0	0
ENSG00000254171.1	0	0	0
ENSG00000229119.3	575	0	575
ENSG00000254130.1	0	0	0
ENSG00000253713.1	0	0	0
ENSG00000253469.1	0	0	0
ENSG00000145934.16	16	0	16
ENSG00000254365.1	0	0	0
ENSG00000254297.1	1	1	0
ENSG00000253527.1	0	0	0
ENSG00000254187.1	0	0	0
ENSG00000253357.1	0	0	0
ENSG00000253660.1	0	0	0
ENSG00000253947.1	0	0	0
ENSG00000253065.1	0	0	0
ENSG00000253925.1	0	0	0
ENSG00000279739.1	0	0	0
ENSG00000253978.2	1	0	1
ENSG00000113645.15	1296	1	1296
ENSG00000113643.9	7388	0	7388
ENSG00000188573.8	0	0	0
ENSG00000120137.7	8334	1	8334
ENSG00000253861.1	0	0	0
ENSG00000199035.2	0	0	0
ENSG00000283612.1	0	0	0
ENSG00000233913.7	157	0	157
ENSG00000254192.1	0	1	0
ENSG00000184347.15	7	0	8
ENSG00000254042.2	2	0	2
ENSG00000207739.1	0	0	0
ENSG00000202345.1	0	0	0
ENSG00000248965.1	0	0	0
ENSG00000279752.1	0	0	0
ENSG00000248222.5	0	0	0
ENSG00000207619.1	0	0	0
ENSG00000206614.1	0	0	0
ENSG00000040275.17	2454	1	2453
ENSG00000134516.18	14	4	10
ENSG00000253269.1	0	0	0
ENSG00000204767.4	2252	0	2252
ENSG00000263831.1	0	0	0
ENSG00000168269.10	1	0	1
ENSG00000253219.1	0	0	0
ENSG00000249601.2	0	0	0
ENSG00000234511.10	0	0	0
ENSG00000043462.13	0	0	0
ENSG00000288615.1	0	0	0
ENSG00000235172.8	0	0	0
ENSG00000250274.2	0	0	0
ENSG00000182132.14	1	1	0
ENSG00000145936.9	0	0	0
ENSG00000253647.1	0	0	0
ENSG00000253858.1	0	0	0
ENSG00000253591.2	0	0	0
ENSG00000253348.1	0	0	0
ENSG00000094755.17	0	0	0
ENSG00000204764.14	124	0	124
ENSG00000244501.3	0	0	0
ENSG00000253966.1	0	0	0
ENSG00000253213.1	3	0	3
ENSG00000275038.2	0	0	0
ENSG00000164438.6	0	0	0
ENSG00000213393.5	0	0	0
ENSG00000265740.2	0	0	0
ENSG00000254256.1	1	0	1
ENSG00000206909.1	0	0	0
ENSG00000254012.1	175	0	175
ENSG00000264249.1	0	0	0
ENSG00000181163.14	36702	19	36683
ENSG00000156427.8	8	0	8
ENSG00000288639.1	0	0	0
ENSG00000285914.1	0	0	0
ENSG00000253110.1	0	0	0
ENSG00000185662.10	0	0	0
ENSG00000072803.17	3610	0	3610
ENSG00000072786.13	1465	0	1465
ENSG00000214360.5	1	1	0
ENSG00000168246.6	1352	0	1352
ENSG00000212529.1	0	0	0
ENSG00000253218.1	3	0	3
ENSG00000174705.13	335	1	334
ENSG00000287814.1	0	0	0
ENSG00000254299.3	0	0	0
ENSG00000280318.1	0	0	0
ENSG00000214357.9	201	0	236
ENSG00000253683.1	866	1	865
ENSG00000265160.1	0	0	0
ENSG00000253445.1	0	35	0
ENSG00000253295.2	1	1	0
ENSG00000213386.3	0	0	0
ENSG00000253736.3	0	0	0
ENSG00000120129.6	485	0	485
ENSG00000206741.1	0	0	0
ENSG00000270243.1	0	0	0
ENSG00000253628.2	0	0	0
ENSG00000113719.16	3585	4	3581
ENSG00000204758.8	7	3	7
ENSG00000254295.1	0	2	1
ENSG00000037241.7	841	1	840
ENSG00000253785.1	18	0	18
ENSG00000113732.9	1414	0	1414
ENSG00000254328.1	0	0	0
ENSG00000212402.1	0	0	0
ENSG00000207210.1	0	0	0
ENSG00000164463.12	623	0	623
ENSG00000253439.1	0	0	0
ENSG00000253172.1	0	0	0
ENSG00000113734.18	341	0	341
ENSG00000254200.1	0	0	0
ENSG00000183072.10	0	0	0
ENSG00000201277.1	0	0	0
ENSG00000252169.1	0	0	0
ENSG00000113739.10	5182	6	5176
ENSG00000274994.1	0	0	0
ENSG00000199219.1	0	0	0
ENSG00000253968.2	0	0	0
ENSG00000253141.2	0	0	0
ENSG00000253768.1	0	0	0
ENSG00000254164.1	0	0	0
ENSG00000253955.2	2	2	0
ENSG00000145919.11	1257	0	1257
ENSG00000253959.1	0	0	0
ENSG00000253428.1	0	0	0
ENSG00000253686.2	0	0	0
ENSG00000287003.1	0	0	0
ENSG00000254211.6	0	0	0
ENSG00000113742.14	1311	0	1311
ENSG00000185056.10	1	0	1
ENSG00000253109.1	0	0	0
ENSG00000170091.11	0	0	0
ENSG00000253244.1	0	0	0
ENSG00000253447.6	0	0	0
ENSG00000254011.1	0	0	0
ENSG00000249722.1	0	0	0
ENSG00000249306.6	3	0	3
ENSG00000213376.4	1	0	1
ENSG00000249031.1	4	0	4
ENSG00000250256.1	0	0	0
ENSG00000248929.1	0	0	0
ENSG00000120149.9	54	0	54
ENSG00000251670.1	0	0	0
ENSG00000266890.1	0	0	0
ENSG00000251144.1	1	0	1
ENSG00000204754.3	0	0	0
ENSG00000251122.1	0	0	0
ENSG00000248293.1	0	0	0
ENSG00000249403.1	0	0	0
ENSG00000248355.1	0	0	0
ENSG00000184845.4	0	0	0
ENSG00000286350.1	0	0	0
ENSG00000164466.13	3037	0	3037
ENSG00000270839.1	0	0	0
ENSG00000222111.1	0	0	0
ENSG00000113749.7	0	0	0
ENSG00000200648.1	0	0	0
ENSG00000145920.15	0	0	0
ENSG00000280068.1	0	0	0
ENSG00000250820.1	0	0	0
ENSG00000051596.10	126	1	125
ENSG00000250801.2	0	0	0
ENSG00000272494.1	0	0	0
ENSG00000250992.2	0	0	0
ENSG00000248469.1	0	0	0
ENSG00000182230.12	0	0	0
ENSG00000285476.1	0	0	0
ENSG00000251623.2	0	3	0
ENSG00000251458.1	0	0	0
ENSG00000283559.2	0	0	0
ENSG00000248596.8	0	0	0
ENSG00000287579.1	2	0	2
ENSG00000283235.2	0	0	0
ENSG00000270989.1	0	0	0
ENSG00000170085.18	286	0	286
ENSG00000251667.1	6	0	6
ENSG00000122203.15	2173	1	2300
ENSG00000250909.1	7	135	0
ENSG00000251414.1	10	10	0
ENSG00000175414.7	1073	315	1062
ENSG00000221464.1	0	0	0
ENSG00000048162.21	1642	95	1940
ENSG00000146066.3	460	11	538
ENSG00000175416.16	858	0	858
ENSG00000280139.1	0	0	0
ENSG00000113194.13	4255	0	4255
ENSG00000146083.12	984	0	984
ENSG00000074276.10	15	64	0
ENSG00000243959.3	0	0	0
ENSG00000207420.1	0	0	0
ENSG00000169258.7	677	1	725
ENSG00000074317.11	55	0	55
ENSG00000266329.1	0	0	0
ENSG00000175766.13	0	0	0
ENSG00000048140.18	1017	0	1017
ENSG00000248484.1	0	0	0
ENSG00000251446.1	0	0	0
ENSG00000248859.2	0	0	0
ENSG00000113763.12	2	0	2
ENSG00000160883.11	1	0	1
ENSG00000087206.17	1071	1	1070
ENSG00000113761.12	622	0	622
ENSG00000251666.1	15	0	15
ENSG00000160867.15	170	0	170
ENSG00000165671.21	3448	6	3445
ENSG00000286634.1	13	0	13
ENSG00000240729.1	2	0	2
ENSG00000270706.1	0	1	1
ENSG00000169228.14	37	0	37
ENSG00000213347.10	140	3095	142
ENSG00000169230.10	1009	6	4100
ENSG00000169223.15	2431	1	2430
ENSG00000239393.1	0	0	0
ENSG00000169220.18	174	1	173
ENSG00000131183.11	0	0	0
ENSG00000196570.3	0	0	0
ENSG00000131187.10	12	0	16
ENSG00000198055.11	583	51	545
ENSG00000246334.2	109	5	113
ENSG00000131188.12	128	14	116
ENSG00000113758.13	3062	2	3061
ENSG00000279821.1	43	0	43
ENSG00000196923.14	1257	0	1257
ENSG00000248996.1	18	19	2
ENSG00000146094.15	137	2	139
ENSG00000183258.12	1299	0	1299
ENSG00000146067.16	354	2	352
ENSG00000272459.1	3	0	3
ENSG00000184840.12	1685	1	1684
ENSG00000027847.14	261	0	261
ENSG00000247679.3	13	0	13
ENSG00000246596.7	1	0	1
ENSG00000249849.1	2	0	2
ENSG00000170074.19	1	1	0
ENSG00000249109.1	0	0	0
ENSG00000248943.1	0	0	0
ENSG00000170089.15	139	0	139
ENSG00000214351.5	0	0	0
ENSG00000249186.2	0	0	0
ENSG00000250101.1	0	0	0
ENSG00000249684.6	6	0	6
ENSG00000280207.1	0	0	0
ENSG00000249129.1	32	0	32
ENSG00000175325.2	2	0	2
ENSG00000204677.13	63	1	62
ENSG00000218227.3	0	0	0
ENSG00000145911.6	3	3	0
ENSG00000145916.19	505	871	457
ENSG00000145912.9	1132	27	1928
ENSG00000251211.1	0	0	0
ENSG00000244234.3	1	0	1
ENSG00000197451.12	4633	13	5214
ENSG00000175309.15	314	629	279
ENSG00000050767.17	1	1	0
ENSG00000271681.1	0	0	0
ENSG00000253698.1	0	0	0
ENSG00000242341.3	0	0	0
ENSG00000245688.1	0	0	0
ENSG00000113240.13	296	0	296
ENSG00000252464.1	0	0	0
ENSG00000286713.1	1	1	0
ENSG00000285891.1	0	0	0
ENSG00000285978.1	0	0	0
ENSG00000169131.13	141	0	141
ENSG00000250420.8	0	0	0
ENSG00000274813.1	0	0	0
ENSG00000253725.1	0	0	0
ENSG00000278441.1	0	0	0
ENSG00000178338.11	221	0	221
ENSG00000206624.1	0	0	0
ENSG00000198939.8	0	0	0
ENSG00000213328.3	0	0	0
ENSG00000253869.1	1	0	1
ENSG00000272431.1	0	0	0
ENSG00000178187.8	1	0	1
ENSG00000254035.1	0	0	0
ENSG00000113262.16	0	0	0
ENSG00000254158.1	0	0	0
ENSG00000234284.7	31	0	31
ENSG00000177932.7	570	8	665
ENSG00000253144.1	0	95	8
ENSG00000087116.16	2	0	2
ENSG00000253979.1	0	0	0
ENSG00000253163.1	0	0	0
ENSG00000253617.2	0	0	0
ENSG00000250674.1	0	0	0
ENSG00000274716.1	0	0	0
ENSG00000253652.1	0	0	0
ENSG00000251545.2	0	0	0
ENSG00000253520.1	0	0	0
ENSG00000176783.15	812	6	870
ENSG00000249140.1	0	0	0
ENSG00000244945.1	2	65	1
ENSG00000169045.17	18601	8	18593
ENSG00000273549.1	1	1	0
ENSG00000204661.9	1	0	1
ENSG00000228259.3	0	0	0
ENSG00000250999.2	8	0	8
ENSG00000204659.5	0	0	0
ENSG00000127022.15	24627	11	24618
ENSG00000225051.5	0	0	0
ENSG00000161021.13	1910	0	1910
ENSG00000213316.10	0	0	0
ENSG00000161013.17	2014	1	2027
ENSG00000221394.1	0	0	0
ENSG00000161011.20	2831	120	5172
ENSG00000161010.15	259	2438	271
ENSG00000222448.1	2	2	0
ENSG00000252202.1	0	0	0
ENSG00000245317.2	19	3	18
ENSG00000197226.13	2933	0	2933
ENSG00000113269.14	1065	0	1271
ENSG00000242979.1	0	0	0
ENSG00000249876.1	0	0	0
ENSG00000249412.1	0	0	0
ENSG00000285865.1	0	206	0
ENSG00000198995.3	0	0	0
ENSG00000278965.1	0	0	0
ENSG00000253480.1	0	0	0
ENSG00000146090.16	7	0	7
ENSG00000229721.3	0	0	0
ENSG00000050748.18	1442	0	1442
ENSG00000253908.1	2	2	0
ENSG00000248367.1	2	0	2
ENSG00000131459.13	371	0	371
ENSG00000250509.2	0	0	0
ENSG00000200555.1	0	0	0
ENSG00000113300.13	2092	0	2092
ENSG00000250749.1	1	1	0
ENSG00000161055.4	0	0	0
ENSG00000037280.16	14	1	14
ENSG00000251352.1	0	0	0
ENSG00000248717.1	0	0	0
ENSG00000236791.2	0	0	0
ENSG00000199892.2	0	0	0
ENSG00000174339.2	0	0	0
ENSG00000131446.17	1732	4	1732
ENSG00000280161.1	2	0	6
ENSG00000278970.2	61	2	209
ENSG00000245060.8	32	151	98
ENSG00000286128.1	0	67	0
ENSG00000196670.14	797	0	797
ENSG00000113303.12	6	0	6
ENSG00000222852.1	0	0	0
ENSG00000243664.1	0	0	0
ENSG00000249287.1	0	0	0
ENSG00000248761.1	0	0	0
ENSG00000231228.4	1	0	1
ENSG00000168903.9	0	0	0
ENSG00000206686.1	0	0	0
ENSG00000165810.17	1	0	1
ENSG00000277912.1	0	0	0
ENSG00000241870.1	0	0	0
ENSG00000214295.4	0	0	0
ENSG00000248560.1	0	0	0
ENSG00000185372.3	0	0	0
ENSG00000182613.3	1	0	1
ENSG00000248473.2	1	1	0
ENSG00000250222.2	0	4	5
ENSG00000146054.18	132	7	147
ENSG00000250900.6	1	13	1
ENSG00000248514.1	0	0	0
ENSG00000286644.1	0	0	0
ENSG00000146063.20	963	11	1067
ENSG00000264732.1	0	0	0
ENSG00000247049.2	0	115	0
ENSG00000204628.12	30338	22	30326
ENSG00000272296.1	0	0	0
ENSG00000264549.1	0	0	0
ENSG00000233937.7	17	165	130
ENSG00000183718.5	275	148	393
ENSG00000248275.2	75	2	73
ENSG00000286310.1	0	0	0
ENSG00000248103.1	39	0	39
ENSG00000274525.1	5	0	5
ENSG00000222533.1	3	0	3
ENSG00000238035.8	13	0	13
ENSG00000274553.1	0	2	0
ENSG00000250765.6	0	0	2
ENSG00000230178.1	0	0	0
ENSG00000251035.1	0	0	0
ENSG00000213285.4	2	0	2
